0 0.03256870965492796
0 1.490659863321713
0 2.8001129998250187
0 4.729544950617614
0 6.30361296847157
0 8.040501638077638
0 9.876442058754739
0 12.119834534922461
0 9.58192058743355
0 10.598420021923554
0 10.96884902301145
0 10.281826706101333
0 10.30069330139662
0 9.767314224478183
0 8.74196917484321
0 7.034446113472198
0 4.024916623289558
0 0.9197469176115494
0 -2.141479658084176
0 -4.228142570002092
0 -8.678568759927412
0 -11.60853736883163
0 -21.16524761054577
0 -200
1 0.12012278741174653
1 1.9757825524723627
1 3.4107210163472055
1 1.7071206560899228
1 2.595226405097814
1 4.20931028658274
1 5.57275856057349
1 6.781961070560992
1 8.477499323681712
1 10.341241900767152
1 11.84305624771224
1 13.60864828685825
1 15.096552252628229
1 15.685980312845357
1 16.498534747071865
1 14.003055562548413
1 11.13874591231271
1 8.795988467826295
1 6.803124542319457
1 -0.9653948285366525
1 -9.79055952905128
1 -25.787001806587334
1 -200
2 0.033160414228745695
2 1.5427909561814777
2 3.8994386869453797
2 5.484683352220096
2 6.223959051602513
2 7.9297428489892665
2 8.894643609989718
2 8.845163665792585
2 9.125779931211502
2 8.539872345140576
2 7.307993752340974
2 4.385392824106621
2 1.8730319047315507
2 0.4829888480606499
2 -0.4605259542887392
2 -2.8772468335634214
2 -6.785565812041595
2 -11.218161751159398
2 -10.054586399110946
2 -13.162017366129703
2 -17.3608213942586
2 -200
3 0.12537152278463506
3 1.2115843882902133
3 2.4666828812091848
3 4.780433890198137
3 6.282309800474826
3 7.440347753890949
3 8.397237029757287
3 9.243747545907464
3 9.099978700046739
3 7.554209071591998
3 5.9599132122226885
3 6.116283165987993
3 5.6977327519612135
3 6.014353279133884
3 5.6409014702945015
3 3.7346284630169952
3 2.2549832185466094
3 -0.6589459437570397
3 -3.663019569534532
3 -7.920716601696556
3 -13.392402793312499
3 -15.799956204613752
3 -14.72978856009198
3 -200
4 -0.08776021136499652
4 1.7008029092531527
4 2.847088118491837
