0 19.5483
1 37.2046
2 24.4913
3 29.9601
4 25.7368
5 26.8861
6 22.6276
7 32.0493
8 20.9667
9 19.7671
10 33.0027
11 27.8394
12 30.5348
13 20.3682
14 19.0034
15 23.4855
16 22.6288
17 19.8167
18 27.0823
19 30.1841
20 21.4993
21 34.4204
22 24.7191
23 28.866
24 27.3494
25 30.3092
26 22.9681
27 30.682
28 16.6646
29 23.2607
30 25.1099
31 29.3463
32 21.0585
33 23.417
34 19.0676
35 23.0631
36 21.8979
37 24.0166
38 19.5549
39 25.8306
40 23.3641
41 21.1038
42 32.2928
43 19.328
44 21.745
45 23.6744
46 22.1229
47 22.8184
48 35.369
49 21.8502
50 26.1415
51 25.7169
52 23.0782
53 17.8539
54 27.7283
55 28.7422
56 21.5459
57 20.5015
58 22.1669
59 19.8428
60 17.9094
61 22.4591
62 37.6455
63 24.4316
64 24.1239
65 17.4702
66 29.5612
67 25.7107
68 20.5
69 29.9982
70 26.2577
71 19.7511
72 18.6156
73 22.7001
74 26.6691
75 24.4946
76 21.8984
77 24.9268
78 21.8595
79 24.4172
80 20.3562
81 20.8531
82 19.9178
83 22.9741
84 22.2214
85 17.3523
86 28.1553
87 23.9526
88 31.026
89 18.4083
90 18.0464
91 22.097
92 24.7511
93 26.0902
94 33.2047
95 28.2949
96 23.7694
97 29.2507
98 26.0903
99 22.0847
100 29.4611
101 19.8899
102 23.799
103 21.7106
104 24.6884
105 32.694
106 23.7671
107 24.1387
108 17.897
109 21.4232
110 24.0161
111 41.1473
112 22.0239
113 29.1758
114 26.3687
115 30.9862
116 18.7631
117 24.7806
118 19.9315
119 15.5725
120 20.3954
121 23.6962
122 25.2917
123 17.7163
124 27.2964
125 31.7723
126 20.9296
127 18.5352
128 15.217
