0 0.022214181465535606
0 1.2043042158729702
0 2.959885028024525
0 4.627037933188661
0 5.711844355529763
0 7.291085709021434
0 8.566076958274719
0 10.76171794201667
0 10.730294799393302
0 12.043107395479593
0 12.134400916744278
0 11.775147977533019
0 10.388463748348373
0 10.545924217606544
0 7.532372326741945
0 3.650630197875106
0 1.3301165394570376
0 -105.24661548396142
0 -118.25282056560052
0 -130.18607482680392
0 -1100
1 -100.02180100402425
1 1.701511342970575
1 3.3494885597539863
1 4.742493957820353
1 6.634615351491253
1 7.615555767366667
1 8.765544229727556
1 10.34101824985878
1 2.621514133766459
1 4.317356891753472
1 6.276123476805272
1 6.99329209368381
1 8.232038842843425
1 9.989143452268555
1 6.514511539054898
1 7.210451341958884
1 8.348939300812885
1 8.504563334072861
1 9.53435572014956
1 9.81365909413682
1 7.849701994390147
1 8.749400621538141
1 9.685635988006535
1 8.922261974345936
1 7.197432523504736
1 6.871265889392415
1 4.878837262615908
1 3.5897917289055368
1 1.006829476407102
1 0.595679465500055
1 -100.30449789019039
1 -101.859088995735
1 -102.03293656342225
1 -102.2598215863611
1 -104.84666012877236
1 -107.43775787580495
1 -1100
2 0.10791340613867427
2 1.8336030635040275
2 3.1546123946742846
2 4.709401720782746
2 6.335817278470748
2 7.539163180200293
2 9.02589522952243
2 11.313524319044932
2 12.864892164584601
2 13.531565959994884
2 15.300441848506868
2 15.626227444874523
2 15.710369414641487
2 9.8196795831254
2 8.328376705904315
2 7.38285441487182
2 3.981949153498979
2 1.7948070778372944
2 -102.25691590273902
2 -107.907927905354
2 -115.11703215601418
2 -123.19634570581402
2 -1100
3 0.24458637727879223
3 2.184514010837826
3 4.054286149190374
3 5.817226375464276
3 7.16524417450002
3 8.885553266373213
3 9.656484136713194
3 11.202462688824932
3 12.004724212082158
3 12.370185515349489
3 13.446631768081643
3 13.983578950174751
3 14.270145542252564
3 14.784325791172256
3 16.878452047041648
3 14.893475862468897
3 10.110920819054448
3 3.427896560656329
3 -102.91770857233288
3 -103.0619497181536
3 -106.02395110820703
3 -118.65043763599029
3 -1100
4 0.05224895001307421
4 1.5197648862216757
4 2.590858541091224
4 4.254267777238152
4 6.393597590753768
4 8.363022997158206
4 5.0084588867720665
4 6.74157683166862
4 8.468484390811208
4 10.578803444037057
4 11.244941292698346
4 6.818230648791949
4 7.870074278863291
4 9.391895789248839
4 10.63178913477101
4 10.773298418082158
4 11.451731476574594
4 10.985797038374276
4 11.54636284001677
4 11.415072912959266
4 10.401644049501748
4 8.059179976183632
4 7.409693083645921
4 5.023378069421245
4 -103.73404391596837
4 -112.03539842853527
4 -126.04079312978897
4 -1100
5 0.09072997051812196
5 2.064243136338549
5 3.619270798604095
5 4.987022887543148
5 6.137839272057726
5 7.985097447103042
5 8.96782097664024
5 10.479681096171516
5 11.287227394248294
5 13.12300055903122
5 12.632858244226572
5 11.71258600944477
5 10.53808321378148
5 9.312189630965513
5 8.714942028749975
5 5.758565909832942
5 2.124305018781744
5 2.009812508963151
5 4.441066184698052
5 0.5650372002901882
5 -102.20784401086097
5 -104.10397580537999
5 -111.81153846719305
5 -1100
6 0.18235021402775334
6 1.6558993798749628
6 3.672664290125561
6 4.917503555718594
6 6.780238892755645
6 8.381555461878316
6 10.277396658977935
6 11.521398698405873
6 12.819143053611144
6 5.4047637449892285
6 6.495510423478738
6 8.121562201867482
6 8.842832929350593
6 9.49086794547521
6 9.220472114876687
6 10.203889877298472
6 8.121910180664692
6 5.380570184437707
6 2.286894937620194
6 1.4846045774024628
6 0.08885888720293167
6 -102.74707197367299
6 -104.28329193363142
6 -105.59849928234536
6 -106.06678025318867
6 -106.82911710375711
6 -108.08996787140703
6 -111.90380211029324
6 -1100
7 -100.01146939411808
7 1.879011766130524
7 3.7975926440121306
7 5.5560901942003476
7 4.686763062591008
7 5.87154344138257
7 1.2286937479602
7 3.327317536964301
7 4.843513962791498
7 6.554559521989134
7 5.398224310970406
7 7.088703787958403
7 8.107702787862602
7 9.101113820665844
7 6.54083185073857
7 7.91248076812086
7 7.76145645832845
7 8.268805764639241
7 7.92662506674256
7 6.398731612901636
7 3.235308820355603
7 3.115569449540211
7 2.9288668788856596
7 2.195313555273339
7 1.7078860933512594
7 0.26413155044002856
7 -100.16395525861377
7 0.913016224841261
7 -100.2088603858539
7 1.0939861905023314
7 2.1829035330935724
7 -100.18757752403926
7 -103.60115067165843
7 -106.91206667756171
7 -1100
8 0.06987669138570404
8 1.7160173050448795
8 3.4990337303874512
8 5.106369302883653
8 5.96654160868044
8 7.472425691535466
8 8.803878543657133
8 7.015469706105281
8 7.953488296136614
8 8.824715358422626
8 9.482092364790708
8 10.15722567979564
8 10.780311750499894
8 9.232915404906851
8 8.01289329921389
8 7.487679041618856
8 4.279541773250479
8 0.9093048593879232
8 -104.37461497118198
8 -113.63538029204798
8 -127.29212426730913
8 -1100
9 0.07651498043226279
9 2.4885770502122018
9 4.140791496558877
9 5.401522876905512
9 6.956899660453651
9 7.981345340194933
9 9.168296767877584
9 10.326124693514032
9 8.414791438031513
9 9.492751446919462
9 9.697404195018096
9 10.338491786994107
9 9.447090820559662
9 5.410101276713887
9 5.424493590003815
9 5.853540462019921
9 4.863298726912703
9 3.0498724238044215
9 0.6148525660120807
9 -102.25371380687803
9 -106.62247481068738
9 -110.40228843791476
9 -112.18784231820453
9 -116.17911264108781
9 -1100
10 0.0724171131858247
10 2.343574747525505
10 3.2095506598288464
10 5.122046996532574
10 6.693934649496288
10 8.025419997306496
10 9.429912226115178
10 10.623209652623803
10 11.043082132026345
10 11.596630218079193
10 13.548794116671028
10 11.121174576009423
10 10.03764088984206
10 9.21410865213206
10 8.791379146237404
10 6.989733933553722
10 5.337554067290132
10 4.450984247455503
10 1.1351888475785774
10 1.1062525819028721
10 3.4675747419695178
10 4.352966677795283
10 5.271733589812012
10 2.5859091274156683
10 -103.06369399975792
10 -105.40780792049361
10 -110.4155014577108
10 -1100
11 0.14057090512846254
11 1.562047522524357
11 3.3104638791237706
11 5.065595123528877
11 6.410026893677928
11 8.333283440676125
11 9.152371677819955
11 10.66588641905746
11 5.264144252932504
11 6.050920567477757
11 7.149518002907784
11 8.665258938587604
11 9.505806675627182
11 9.999623623436392
11 10.863379239366969
11 11.928284041146656
11 10.349529998401739
11 9.962113388274508
11 8.543460887417098
11 4.445641803427677
11 3.022049521780481
11 1.2226738666434507
11 0.7647356923566662
11 0.7698854236695425
11 -105.70532483411665
11 -119.53438872999179
11 -1100
12 0.11117222101452422
12 1.5370411358194032
12 3.150918595811285
12 5.011382437780468
12 6.3343315847971615
12 7.880264304418781
12 9.382546888735535
12 10.835110575953628
12 11.75779834415507
12 12.208921742866133
12 12.215569436143891
12 7.702457189673186
12 5.125184176040856
12 6.1125209398353055
12 6.374106895387451
12 7.294652009931683
12 7.096740534785463
12 6.371740768228381
12 6.8053193479954075
12 4.112655397390272
12 2.706971201760078
12 0.8459215794808301
12 0.6345353519386556
12 1.7105640225748822
12 -101.91093702606776
12 -107.47508991503464
12 -109.06346747098755
12 -1100
13 -100.08755470044619
13 1.9674272603183678
13 3.6088218683781683
13 5.396187758892068
13 6.762500982583349
13 8.51566906965358
13 9.83356876668619
13 11.56260708916589
13 7.708042101351899
13 1.6310942933490824
13 3.3169402427330206
13 4.556007831798274
13 5.8837074411004675
13 6.456790618350459
13 6.8726758347483745
13 7.571938357372251
13 7.488235350443509
13 3.423486580555173
13 4.120075853777955
13 2.1124499624399933
13 2.3182077075222587
13 2.019016487899962
13 2.2296889383704377
13 2.017710787508518
13 2.1052536846847287
13 1.453297070997631
13 0.7827023913338547
13 -100.66663851053724
13 -103.59809411105361
13 -104.66603443241046
13 -108.13913439547089
13 -111.41706905352174
13 -115.0116397187906
13 -1100
14 -100.0286112319874
14 1.4844643992476607
14 2.9477780196850474
14 4.783048283088187
14 7.138818374713894
14 8.450615381066427
14 9.58680508782545
14 10.688830002075635
14 11.146449089936283
14 11.700358876281161
14 11.767158870529917
14 12.422672804550507
14 13.0488945535331
14 12.036722543761414
14 10.364545738869461
14 5.9743234854554235
14 -100.37754430937548
14 -108.96182268149084
14 -119.58364423131569
14 -124.49165028144057
14 -1100
15 -100.04758317686363
15 2.0163393605680744
15 3.878029991030617
15 3.2124869758826535
15 4.933466195544565
15 2.96826128984344
15 4.854547617874129
15 6.330082227109286
15 7.657020106543587
15 9.274658853104482
15 10.321417095599765
15 10.698925087036418
15 10.56251711118698
15 10.002849531463772
15 10.856180865071344
15 11.395421882501646
15 9.86834389882332
15 8.479713837965498
15 3.8081482573925296
15 0.4436731560923661
15 -104.03619339208365
15 -113.96128094360233
15 -116.63802169419829
15 -116.88850980845586
15 -1100
16 0.03361013490635007
16 1.5495904652314072
16 3.164228435267775
16 1.2637608281496953
16 1.0301129988273534
16 2.6849841565429524
16 4.079651788242726
16 4.975049641851547
16 6.366541831809925
16 7.797809047424552
16 8.213842746873821
16 9.84744036546262
16 10.912200352515825
16 11.385133095150694
16 7.481942585608885
16 7.545261500255817
16 7.5617440179045
16 6.602412543002046
16 5.693849559912666
16 4.839541747703
16 2.553702469464323
16 2.311668879327202
16 2.7140316986804276
16 0.5803726348339495
16 -102.44853196362433
16 -107.37577481916188
16 -110.5035577045909
16 -111.59341245745557
16 -1100
17 0.051855635879828485
17 0.2932795817601987
17 2.264834302696379
17 3.548239608970945
17 5.179119577908357
17 7.181903821619465
17 7.756486360089929
17 9.939118335003878
17 10.020431354077141
17 11.626840205998448
17 12.346106639091644
17 12.337968220519416
17 10.50085876469247
17 11.332413033778364
17 10.466382205238343
17 9.080339431939223
17 5.299996091707132
17 2.764982781252435
17 -101.44499116656834
17 -107.75751326230696
17 -118.44114108491792
17 -125.02290117235736
17 -1100
18 0.048443318606458514
18 1.9546142106953335
18 3.17643132529152
18 4.236522553518759
18 5.910653995991357
18 7.543284860906389
18 8.901462476765921
18 10.526635203045455
18 11.917155295521631
18 12.751851931024676
18 13.846070615194897
18 12.913473967977888
18 13.308183843670268
18 10.13872972326488
18 10.73992519550611
18 10.767852329382073
18 10.512462989671187
18 11.582433636278532
18 9.038578936366
18 2.792285979197775
18 -103.80456212776069
18 -109.09143153939539
18 -119.02479620842892
18 -1100
19 -100.02115692861665
19 1.2934940898292064
19 3.328777945067221
19 4.613358817973553
19 5.866063952602106
19 7.079929846597954
19 7.593905213102259
19 9.312006991850787
19 10.321298634354227
19 5.910212636275532
19 7.2429680477275
19 8.586155167415157
19 4.183614402359932
19 5.449552271242742
19 6.69934277620747
19 3.446944403021946
19 4.161320457592683
19 5.03209390117186
19 2.804557554775906
19 3.500109057138333
19 4.462816462670696
19 5.433933809266744
19 5.865065719617503
19 5.603601924029549
19 6.068145951568831
19 5.424040737185383
19 3.5921267852943917
19 1.7474701297888746
19 1.243661342399042
19 2.831188757760067
19 1.5866991659895966
19 -100.49020163557634
19 -102.1302738642107
19 -103.34001938583337
19 -105.63123063770898
19 -109.93492648420309
19 -1100
20 0.1406586177363324
20 1.7548730005947497
20 3.3228944473575814
20 4.789872229434662
20 6.022146648934526
20 7.282219043691452
20 8.360643738330467
20 9.148085853907832
20 7.803054514100538
20 8.379450456155613
20 9.219629970399428
20 3.9528812022569286
20 4.572433777147561
20 5.4330980369544175
20 6.280835067220351
20 6.406278686811232
20 6.346432369043091
20 5.613877188478621
20 5.500583958865438
20 3.3449287962248153
20 1.4316641891653639
20 -101.0763950394496
20 -103.45814313484104
20 -105.38792464491073
20 -106.75207946212737
20 -108.65403429468041
20 -110.8671078898391
20 -112.49022624914994
20 -1100
21 0.02340356282505687
21 2.307731955254731
21 3.6637917388976313
21 6.2078245037478785
21 7.376654547097492
21 8.601819226921286
21 5.425736953442213
21 6.323967738632386
21 6.990754277644538
21 6.701727183934016
21 8.100215882314252
21 8.419276381649482
21 6.131932695990989
21 6.557344363722189
21 7.0074031524032225
21 8.456984183535617
21 3.9058541277944965
21 1.1630661257329131
21 1.9464460650646334
21 2.5821205623322068
21 2.958220421375234
21 3.0568676728663395
21 2.890668307306435
21 2.9109254226153762
21 2.977489368077201
21 2.50200337732068
21 2.2301287396408753
21 1.9578570625855782
21 0.8233962100395864
21 2.4102816578187927
21 0.903594724625993
21 0.7352218613303414
21 -101.01190890507323
21 -102.96106916492326
21 -101.62820549824303
21 0.8350921229497104
21 -101.68740482964603
21 -1100
22 -100.00632569890638
22 1.6605562697063891
22 3.0686861253775577
22 4.539877214829537
22 5.7683916089411715
22 7.00269863820864
22 7.638361929605024
22 9.103432729209029
22 9.906688467046452
22 9.943589649179453
22 10.443371468329453
22 10.847620072848356
22 12.007307084713695
22 8.987983098169412
22 7.713129593994468
22 4.320929553071869
22 2.7256358951847535
22 -100.63325832863096
22 -100.84224516585635
22 -100.57699837424819
22 -103.79825788267361
22 -108.14630075020166
22 -116.15483261407313
22 -1100
23 0.08038063936769084
23 2.17264629752559
23 3.5099857023211545
23 5.480974978314115
23 7.079826730959297
23 3.030142433916845
23 2.601555099773237
23 4.035032704531314
23 5.3423197352959555
23 6.4892772994777
23 7.774068149041929
23 9.205771955581111
23 11.043626407488235
23 12.028601370723742
23 13.384898892205939
23 10.163644842807937
23 9.38579412287689
23 8.098102034726189
23 7.83624635487764
23 6.761380061170681
23 6.466703478497487
23 4.5573271009807215
23 2.51185878056007
23 1.3724667251472127
23 1.553960193507848
23 0.11692550464394458
23 -101.8071539342536
23 -101.64532258198281
23 -106.85453192053085
23 -1100
24 0.05370307718459765
24 0.7574995357420803
24 2.3106421241188277
24 4.034143875819138
24 5.677443580876787
24 1.3558559400920072
24 3.0088241915234386
24 4.224131622834355
24 5.573240890949
24 7.2044531030391425
24 8.7126802831797
24 10.952472300403633
24 11.702114017269656
24 12.774991628781823
24 9.338826322639486
24 9.578938260360534
24 9.346765207592634
24 9.935610274945441
24 5.87644394611282
24 6.970775060906609
24 7.352446143991291
24 5.64929717115567
24 4.035416235473074
24 2.243571506907923
24 2.1514924775142017
24 1.4629944776061068
24 1.8913279250540702
24 2.0219608908010507
24 1.164020137831736
24 2.2771429837925297
24 1.9035140567622317
24 -101.51878620199932
24 -102.37352434248584
24 -105.60310572407361
24 -112.00636459337164
24 -1100
25 0.10508160247277995
25 2.002952406558034
25 3.6506010909119353
25 5.4460363464903665
25 2.936395604157534
25 5.05468518742774
25 6.1830962144266595
25 7.406751134008816
25 8.801628681543713
25 5.7200641030652
25 6.6524090875408275
25 8.078911652837109
25 9.322310575644458
25 9.583480976069886
25 10.385404145436503
25 11.651809507573459
25 7.144761592073278
25 7.176866537521556
25 6.501068405241101
25 7.228050412808247
25 6.3119979193467115
25 2.5983851401796523
25 1.9371587112208184
25 2.098478771404027
25 2.3008825900021206
25 1.5280020923480837
25 1.635098388574824
25 1.2808865390844693
25 1.6119139722143707
25 1.4373052978549756
25 1.03444993670883
25 1.1367013747377417
25 1.4883068052973343
25 0.580555246608272
25 0.6373216247278002
25 -100.66533155736545
25 1.006998728242884
25 1.0715985083052892
25 -103.61074878483802
25 -107.06645234470255
25 -1100
26 0.09194289174933595
26 1.4352129255283452
26 2.971681903556511
26 4.430840921113485
26 5.8774351167622
26 3.513622977837036
26 1.1475719477629138
26 2.6678229846121133
26 1.4036922710924722
26 0.32934198714869445
26 2.018988232177872
26 3.315433634786133
26 3.322836012290876
26 4.382844943204053
26 5.949521045249515
26 7.24080848400502
26 9.128212777883675
26 9.472399458036271
26 5.071607233108739
26 5.994910923091263
26 7.2608219049059635
26 7.592652997154868
26 7.575143582610265
26 6.697116117638913
26 5.614572101325206
26 5.5292664700417875
26 5.9117098598913245
26 3.9705331187104154
26 2.872073873966176
26 0.19423739573552723
26 -107.58989252838035
26 -114.56982472220128
26 -120.15866730924031
26 -1100
27 0.16137412201528306
27 1.6791138411111581
27 3.4333939004583707
27 4.765755593992611
27 6.17953468043741
27 7.5602543674000655
27 9.205956168875664
27 10.76368772891251
27 13.038314005219002
27 14.21108437366327
27 16.001841944613723
27 15.978791522181371
27 16.56650478850264
27 15.478756586002035
27 14.503255104494437
27 17.098874554633106
27 18.193620043453294
27 17.99211494766424
27 16.47023565690428
27 8.918757468408678
27 1.0418060730743264
27 -105.70716018944185
27 -110.97042688131883
27 -121.76648035367947
27 -1100
28 0.07365683925055744
28 2.3226061884458744
28 3.7890774592504295
28 5.113217629587895
28 7.010560914443378
28 7.656647652710279
28 9.395531823630362
28 10.881142334852825
28 10.689716050321177
28 9.900255270429298
28 10.227063369113928
28 8.100703080263603
28 4.943539299074664
28 0.9634587386514841
28 -101.97042048745774
28 -107.82157731213478
28 -112.01573208562301
28 -119.63805207574786
28 -1100
29 0.07574204063556804
29 1.175948742050422
29 3.277107082693227
29 4.464838838872208
29 5.78092501060396
29 7.112838712481899
29 3.680121361129705
29 5.293791979135335
29 6.202127398806623
29 7.837677919153721
29 3.5127582331062155
29 5.15073701634803
29 6.0817199068175745
29 7.261671274167155
29 9.1670247292214
29 10.414874457766416
29 11.369860288009377
29 11.224088255379979
29 11.468399477515568
29 8.88483220773997
29 4.914454894611477
29 2.4671965875997532
29 1.810906923255942
29 -102.8830295971162
29 -105.23230558316088
29 -110.60790185453136
29 -121.40983219688498
29 -1100
30 0.1607632228903037
30 1.661622123370151
30 3.5217714300566074
30 5.097860221091785
30 7.013665172797405
30 1.7365100593795149
30 3.075064823892116
30 5.333595096731231
30 6.514222265618938
30 7.794494104689883
30 10.069998822468262
30 12.784683186080429
30 14.43625173564762
30 14.718990637093206
30 14.674283069853676
30 15.349772306663198
30 16.24645116246636
30 16.36395208478526
30 13.236192723809737
30 10.476239359866396
30 5.120567973598021
30 -101.21516090784726
30 -110.95616014357192
30 -119.93554604263802
30 -128.66849130547288
30 -1100
31 0.07191735828321395
31 1.3991202936700193
31 2.8824546963268762
31 5.006363659813532
31 6.800758982855474
31 8.194284943141863
31 9.448801625828967
31 10.876929556641741
31 11.086644016632837
31 6.5482073786642205
31 8.050829485385878
31 8.811939743451438
31 8.85808080752235
31 9.570293652501322
31 8.866732502992333
31 6.971011203014574
31 5.313502569367893
31 4.231112142251728
31 2.3729374802733822
31 1.8080124353315234
31 2.695641032849732
31 0.9769713004292839
31 2.262572154597546
31 3.0809352048798537
31 -101.71531512274458
31 -109.4300720153399
31 -114.73300862581443
31 -1100
32 0.10205603157987382
32 2.1341588603313992
32 3.663866483837651
32 5.418151355758384
32 7.581377057265719
32 8.736226627135636
32 9.486555389293782
32 10.302006173801223
32 11.40517609604618
32 10.73262134331857
32 10.507545650730641
32 7.346473841418524
32 8.317973544642186
32 7.698751333038049
32 6.584623320389021
32 2.7269286686553595
32 0.850600411709344
32 -102.03929745908573
32 -103.96295317896193
32 -109.99948390115112
32 -122.6354178228824
32 -1100
33 0.0437102947350379
33 2.0242545628467057
33 4.327217168454851
33 6.061205643972392
33 7.175233168682596
33 8.232154472287997
33 9.97061594894818
33 11.946399115189081
33 12.867674945783417
33 13.031084462342013
33 14.037436761520414
33 14.086914043647244
33 12.525825498510592
33 9.1825940563313
33 4.9404406208460365
33 3.2932526745998985
33 2.508688485940615
33 3.302329805166785
33 1.9870740201672064
33 -107.18525168394513
33 -119.13297110084855
33 -1100
34 0.24783310907876085
34 2.057798282506409
34 3.8020801863561964
34 4.930326377353886
34 6.3762304364872975
34 7.491799208050679
34 8.64966996293176
34 9.615314968124288
34 10.744777854648472
34 11.849372375812846
34 9.605500709719164
34 10.03466651170796
34 8.84575358212724
34 8.907166032885808
34 7.582450085832208
34 4.299621329836855
34 -100.93210805901815
34 -106.75748266869238
34 -117.3507230758282
34 -136.21427312656198
34 -1100
35 0.008292935130771163
35 1.3851889258813934
35 3.272650011109178
35 4.99016549993021
35 6.437130590910847
35 3.806487318334751
35 5.647076814114245
35 7.606584086252611
35 9.030857484261922
35 10.894747862631181
35 12.650304427275064
35 12.979548666686444
35 12.224702151745333
35 14.032857837849027
35 13.64428027977165
35 11.627971963094708
35 12.120610802292617
35 8.341363319488739
35 1.7461345207773302
35 -104.34776539447198
35 -111.59828947494417
35 -115.37650428941896
35 -121.33857527808888
35 -1100
36 0.12855352742897813
36 1.8193903820184647
36 3.1209377246526846
36 4.349851059654185
36 2.7015640409270616
36 3.892032889871013
36 5.420030606073672
36 6.7903938929251
36 7.636790548879989
36 9.49881254951575
36 10.699285123215779
36 12.436886742077057
36 12.750153051528716
36 13.313557930508416
36 14.535144042605435
36 13.889673731558876
36 10.979677293417698
36 8.602369295418855
36 5.824574030447097
36 -102.33688845963088
36 -109.92220828166944
36 -119.10241450550078
36 -131.70954895496362
36 -1100
37 0.031190677661873063
37 0.15759006001239992
37 2.141585912244814
37 3.2382272086305965
37 2.3632839620638375
37 3.798695464114631
37 5.241840725048663
37 6.2627763890049675
37 7.7907801893054085
37 1.2811134974440805
37 2.842983570127275
37 4.141112369824285
37 5.351756951875796
37 7.114132427132274
37 8.134588929137095
37 9.065499903015082
37 9.087095715760062
37 8.321506183029376
37 8.523839089337873
37 7.925410165544582
37 5.8113920124373255
37 5.444686664508913
37 2.6383267030710833
37 3.0068775289745844
37 2.6223948578883842
37 0.08611374063142918
37 -105.2611386934925
37 -113.93504393737739
37 -1100
38 0.1322402947044113
38 0.8685620285156194
38 0.4401228344722824
38 1.607754451924886
38 2.126903577409972
38 2.6549896369577035
38 4.486571375300799
38 1.529619425458165
38 2.857169785307849
38 3.4518775749979427
38 5.372878372217483
38 7.1169035219081405
38 7.849942847899061
38 9.132963879407958
38 9.660242845535002
38 10.188017166598101
38 8.970590069022311
38 7.929941528648856
38 6.600701235665507
38 4.267656518517367
38 2.723802035441686
38 0.3936855093369509
38 -100.7665942528413
38 -103.0466328162281
38 -105.2966695861809
38 -107.9348872161498
38 -108.40784647415839
38 -110.50410577821181
38 -108.23076334430684
38 -1100
39 0.17447758128801252
39 1.7293232602204098
39 3.541048238965019
39 5.18779985974815
39 6.595150011161025
39 7.7752706675567875
39 9.25496512397525
39 10.277350403540055
39 12.26099268367184
39 13.55831984101277
39 14.441091120596008
39 15.819442857755094
39 15.66991994352349
39 13.08163373407001
39 10.915312857159574
39 7.865993324386585
39 5.59457873359645
39 5.158279858840849
39 0.9810012751925541
39 -102.9793514910688
39 -115.83051842204985
39 -1100
40 0.13061929076829748
40 1.60423330868112
40 4.024031017113029
40 5.262725116929449
40 6.944984590735951
40 8.804757030780959
40 10.324041160064768
40 5.216720053821269
40 6.612314894019379
40 7.753477129627204
40 9.627137453381268
40 7.793812522359934
40 8.897509174684483
40 8.468636542726742
40 10.022199459338994
40 10.923376271269362
40 12.053974071031831
40 12.226876755591423
40 12.393580498266047
40 12.62796410554834
40 11.486612959861972
40 10.70144059001277
40 8.696345861211661
40 2.504004808408567
40 -109.7023577521041
40 -124.77013573392713
40 -1100
41 0.11691894564889249
41 1.6676242718204508
41 0.6369154628800899
41 2.0579311281409076
41 3.6996988874772505
41 5.128710486464821
41 6.9072256838988135
41 9.16439203194777
41 7.013874064328668
41 8.184745102623822
41 9.975955962860462
41 11.594044477543308
41 8.343771428962803
41 9.03045870380517
41 8.924082694350092
41 9.98431568185991
41 10.901984470170326
41 11.242843945542955
41 11.937749536543903
41 11.157226075938961
41 8.760287060089512
41 4.016545172368605
41 -104.95158371986189
41 -119.12128333150868
41 -132.68108435892276
41 -1100
42 0.04584895740733864
42 2.198326522457166
42 1.4427545354802507
42 3.172822140565046
42 1.5872485282707829
42 2.9141729419494866
42 4.109376478783478
42 5.534202020773718
42 6.635248802762207
42 7.079719398501122
42 8.058200428072665
42 9.385115520059838
42 9.965510788462353
42 10.07908748140839
42 11.635779790694862
42 12.361278862664523
42 11.288636097533294
42 9.991665135782524
42 10.28115946843732
42 7.9854292251925845
42 4.474434995891247
42 4.910407791388149
42 4.158206619402758
42 1.4917742498999633
42 -100.02664414494909
42 -100.31393051838117
42 0.316846179206383
42 1.172955695442898
42 -102.49296420247998
42 -106.19545356773685
42 -112.03319293922371
42 -1100
43 0.3503438274360658
43 2.2287324653392
43 3.9389194688564984
43 5.8098876339666115
43 7.21495559216006
43 4.941919127317694
43 6.000684982239457
43 7.503556597105703
43 8.238080727505102
43 8.653249528835444
43 8.581917773421504
43 9.128074819011797
43 9.58143880149381
43 9.653788844689295
43 6.6473595670252665
43 6.600239789545931
43 6.067701312876464
43 3.467301991943896
43 1.8190334801598986
43 -102.4162597246597
43 -104.37518699188523
43 -106.47840157681405
43 -111.83283801543095
43 -118.64161852346477
43 -1100
44 -100.0876167495573
44 1.5524867591619629
44 2.2657914408295974
44 3.583462574619609
44 5.157248670389623
44 6.712008006770164
44 8.612719366999261
44 10.085065742982415
44 10.996670710584969
44 11.644881214318575
44 9.706777319076899
44 10.420391140251418
44 11.643792889060665
44 11.63736250984376
44 9.488038596447506
44 5.8560536107651275
44 4.841246870654755
44 2.5803776120322066
44 0.6861618195592722
44 -102.03797503463738
44 -103.50325201523039
44 -104.65326721534238
44 -110.29009049060781
44 -120.43404390842827
44 -1100
45 0.015786381266493142
45 1.6778247586314043
45 2.9496654626395364
45 4.811945171154116
45 7.410395753100843
45 7.976786105714284
45 9.07222791344323
45 10.126107999783903
45 11.462543285948595
45 11.121748510404554
45 12.004454192321052
45 13.562282999075238
45 14.618144924445957
45 14.639505340086826
45 12.893654840486523
45 12.10754093280841
45 7.140867807432274
45 1.9961218328908927
45 -104.76699869956919
45 -110.66859958265366
45 -119.97997845540986
45 -1100
46 0.04793254119805548
46 2.288934079887572
46 4.075136272766622
46 5.332535577758001
46 7.1447128371814035
46 8.432246792044147
46 9.889601684635073
46 7.903716530675552
46 9.183605041080181
46 9.29999933070362
46 9.862093280568107
46 9.802661790684752
46 9.875371132520597
46 9.774044567037354
46 8.46657398233465
46 7.086832933932125
46 4.768197430396478
46 3.8723702403128435
46 2.8320247846054514
46 -102.00381232463869
46 -110.166111729979
46 -112.76359566260071
46 -116.59994021262223
46 -1100
47 0.08883141281183674
47 1.5701572694709995
47 2.7382972874315095
47 0.8214110042263129
47 2.2089180279794256
47 3.855672042877061
47 5.1894060028239615
47 1.0765863279554428
47 3.3110832040863283
47 5.027680882094483
47 6.35994965975512
47 6.981119740139798
47 8.185988168227057
47 9.348604198373822
47 10.528043246391539
47 10.083539481223987
47 9.968294058692246
47 10.789274354411281
47 12.36164277907319
47 13.660937388508309
47 11.128475445696731
47 10.40073173502464
47 5.257529029188973
47 -104.90947845205025
47 -119.8004277145095
47 -131.47422985844304
47 -1100
48 0.12166808686812061
48 0.9508988155039085
48 2.902253783209983
48 5.026186109324609
48 6.444696635209955
48 8.471146778533353
48 9.34527073946012
48 10.473457042296223
48 6.972283748484943
48 8.299064475650429
48 3.626377309767282
48 4.21923132798839
48 5.03181420296816
48 5.990288855855952
48 1.4620108823779354
48 2.3968978942117682
48 3.0632267264932267
48 4.0218543681994925
48 4.660740617595964
48 4.438608270894152
48 4.829079801874677
48 5.176986980160006
48 3.3436097976390897
48 3.0820145593309745
48 2.6420140425494427
48 2.5932106152376067
48 2.0877329273292684
48 3.1412507783251797
48 3.404202369576325
48 1.943208165963732
48 -100.73844537979295
48 0.034259774052504355
48 1.4588551406411199
48 -102.85358932955042
48 -103.71070368114466
48 -100.46794338407236
48 -103.47115309944803
48 -1100
49 0.06661331181918831
49 1.6370701525434856
49 3.449950108234804
49 5.145237988580084
49 6.231577427417245
49 1.134376641756147
49 3.1043735455196924
49 4.592413742853953
49 6.1370426327594165
49 7.566854033798828
49 8.877118217082979
49 9.529694525286018
49 10.42311845421647
49 9.643347870181456
49 10.227676730336897
49 8.967232302575948
49 7.150908341110709
49 4.848637562272393
49 1.56819365536089
49 1.2518061599336932
49 -101.1205826833
49 -102.32115575514938
49 -107.62721671374491
49 -112.11366401835213
49 -118.97049161995892
49 -1100
50 0.1631540689929129
50 2.0428533632022594
50 3.6912623073784983
50 5.292545067465544
50 6.498807961385321
50 3.6923725578551077
50 5.294820728437945
50 6.213513931784903
50 8.15646376219915
50 9.581258655444861
50 9.942239010534557
50 11.413178966490609
50 11.475955880999434
50 11.215206338385396
50 10.099204581270087
50 11.129361528825616
50 10.417077704648166
50 7.256813699192325
50 9.478581846446756
50 9.29128433800706
50 5.129799712522864
50 0.38938059853282425
50 -107.92846524384888
50 -117.68222058644008
50 -1100
51 0.08414315712472878
51 0.9536320169062156
51 2.379940350395871
51 3.6626914808650803
51 2.719765873462716
51 4.052023093050445
51 5.323027173376684
51 7.203998811192286
51 8.358018137224361
51 0.6221873973689305
51 2.229956607809856
51 3.4466946984678013
51 4.466895505591597
51 5.860766146447293
51 7.527645909077573
51 8.784674760461744
51 9.987258627802158
51 10.712125866907014
51 10.894380409210266
51 11.520583112552266
51 12.07385586592005
51 11.39994341616908
51 12.44339955137663
51 13.201366785041717
51 8.241411990465812
51 5.2713812153635455
51 0.5774221335288878
51 -106.85287845551045
51 -110.32714947330875
51 -119.05563015228583
51 -1100
52 -100.0053671095228
52 2.1832415118891064
52 3.7425091052841974
52 5.182490511222819
52 6.604608607407564
52 5.777137543159782
52 6.764343988169764
52 8.846235054946701
52 5.746424186976644
52 7.3420478220332175
52 8.400569520793564
52 9.385013093527375
52 2.5153798501194946
52 1.3780923960947171
52 2.7734154980245638
52 4.431928646056309
52 3.8058552691109266
52 5.217300223769826
52 6.346779791594935
52 7.553898826116852
52 7.995493139931381
52 7.480842087744756
52 7.680006918900951
52 6.7971298513010225
52 5.987388739526771
52 5.610051303104787
52 2.930208658016383
52 0.35849474304357365
52 -102.58853768030416
52 -102.35138967483964
52 -106.70161954763543
52 -115.3378297416655
52 -1100
53 0.17993589669136503
53 1.8104891520957338
53 2.877419497832543
53 3.1078157132398117
53 4.824805339423507
53 3.654733255491905
53 5.548363883052634
53 6.528195949115747
53 7.615602979604148
53 8.133647513260625
53 8.917775430453533
53 9.834027931335404
53 9.970287551175106
53 10.346117507320969
53 10.353329212941087
53 10.392948890904442
53 9.90257900199017
53 8.539177948680514
53 2.7802830600595563
53 -106.60153878245619
53 -116.53241560724032
53 -126.29256103708573
53 -1100
54 0.033015839805982015
54 2.036718750675149
54 3.2226784880297297
54 4.432043312868964
54 5.242824269906773
54 3.3222970295248904
54 4.710797783243211
54 5.704668088170565
54 7.573888537987744
54 8.933487314525378
54 7.696201994385922
54 9.099002973941351
54 10.258546145884658
54 10.531665797727523
54 10.282428720609339
54 9.838869617005576
54 10.096301209890722
54 11.22156036799555
54 10.89308798936581
54 11.654859848334018
54 10.61397403123829
54 7.832263108149993
54 5.260963199000493
54 -102.84368951882304
54 -107.81696487836234
54 -112.71357263641781
54 -122.33581855515641
54 -1100
55 0.11329358385742302
55 0.6996914718667279
55 2.2370644497265246
55 4.04724181852804
55 5.885820388134318
55 6.91132278174596
55 8.20572152377329
55 9.53362907009749
55 9.627612005304588
55 10.782930584970645
55 10.896239433215015
55 10.914152919293604
55 11.298149214918473
55 8.310330682159426
55 5.767271355475621
55 6.461960967903911
55 5.452360353727542
55 3.4104015250920945
55 3.3453476479543642
55 3.9370364685859336
55 0.22445495548969419
55 -103.06676670228046
55 -102.87804694284253
55 -107.1952076833145
55 -115.96393727739724
55 -1100
56 -100.09065939847996
56 1.7177083346842452
56 3.2904662404574094
56 4.87739226409169
56 2.7892311090097994
56 4.57198176444625
56 6.466015345296301
56 7.205671993950318
56 8.604175782271232
56 9.398903400619357
56 10.578877471998549
56 11.233450718681699
56 11.08148418481295
56 10.192070827373787
56 10.520346777330882
56 10.483866331746215
56 8.510315590681536
56 6.76901824271213
56 1.4023448397211933
56 -101.77880018661462
56 -104.0195651583698
56 -106.56898260956751
56 -113.421571788777
56 -126.46119932856288
56 -1100
57 0.09664289926166912
57 1.162666791665349
57 3.1965743561652498
57 4.551728333926302
57 5.840622436890128
57 7.219996195862553
57 8.358640383094116
57 9.515562944263229
57 10.592531486789131
57 10.789590357273955
57 11.838073056890536
57 11.011577878364626
57 9.413054229974852
57 7.465710339372403
57 5.563042621956444
57 2.18452740234253
57 0.554428230602678
57 -103.35724444848603
57 -111.72248050451951
57 -116.11164948912645
57 -123.49795675462036
57 -1100
58 0.11409951335101483
58 2.060068175153144
58 3.8897863186642656
58 5.317274689072245
58 6.80551683122835
58 8.49752290075814
58 1.7335727028293755
58 3.3462329075357764
58 4.369428596477287
58 5.810681378149233
58 7.607179107450736
58 8.645983839973368
58 9.129217609431992
58 10.676564812997736
58 12.19863660467058
58 13.457838107276219
58 13.037059142283761
58 11.70495385146516
58 8.817002296283718
58 3.7834698986545945
58 0.8441491239288634
58 0.3320649339031476
58 -103.14345760473603
58 -111.32173159356775
58 -118.63812166478328
58 -124.87009928995798
58 -1100
59 0.17041677226244928
59 1.78174101232352
59 3.3816624554629775
59 5.70713690462353
59 7.5964767521107195
59 8.092419652493588
59 8.82642014511794
59 10.228250732741127
59 10.607946717326872
59 11.592797546541803
59 11.709444975115474
59 12.155503219928008
59 11.285269983550382
59 10.306039680660653
59 8.759901774291887
59 3.6798426715578536
59 -104.62825101896823
59 -110.56580821026378
59 -123.09075907687284
59 -1100
60 -100.03006026378563
60 1.3602159465739372
60 3.277914469218863
60 1.2022065779271165
60 2.6223270643962553
60 4.898491137083098
60 5.653997992939019
60 3.0796408165613243
60 4.27132769548623
60 5.6673887491404225
60 6.743505580232269
60 8.490530384394264
60 8.999475298735643
60 10.014429909013057
60 10.772949231647239
60 11.213639059700851
60 10.870450708716337
60 9.332378523847064
60 5.738026622588445
60 3.0008456474730085
60 -101.68520529015127
60 -107.96030882587942
60 -109.38400398222214
60 -112.77415361958768
60 -116.43064050840374
60 -1100
61 -100.06196191103791
61 1.4336398135957236
61 2.7362556960625066
61 4.140089470522351
61 5.340831888854799
61 6.479441899064059
61 8.013730479365993
61 8.779084018281248
61 8.960845842078047
61 10.560125558566574
61 10.985634172293278
61 10.307803701161498
61 10.01085697933381
61 7.0703282327340915
61 4.945476482090341
61 3.9614301967843986
61 4.178669040289176
61 1.483781628564266
61 -102.86528226023052
61 -108.45075947385176
61 -113.49650492547545
61 -114.100867941196
61 -1100
62 0.0007230319212311407
62 1.7717699132588403
62 3.280044549050738
62 4.84069004205036
62 6.2992285265353525
62 7.467091857547909
62 9.578776537816246
62 10.252184532148997
62 11.290409084267912
62 12.414554816707678
62 14.611238745546153
62 15.007542960655615
62 15.95232154059192
62 10.109725083301349
62 9.136944983142127
62 7.620255701091132
62 3.5136886170968857
62 2.8175519798696067
62 3.282811452607973
62 2.3302424826691244
62 1.399336424933396
62 0.8059725825851238
62 1.1004401494779898
62 1.6145368229612718
62 1.4944115777598252
62 2.366844952172549
62 2.0489982629483983
62 -101.4458238676034
62 -100.6540581836969
62 2.3770152092072117
62 -100.49619067748932
62 -104.78377897056241
62 -106.85965931553484
62 -1100
63 -100.05308412331128
63 1.5940868123832101
63 3.507629911154759
63 5.486230603822456
63 6.862279479069178
63 7.88584544922881
63 9.022410655134982
63 9.198389161269413
63 9.432221805765693
63 10.065464508600554
63 9.6870336676941
63 9.74742705430547
63 8.718803393290637
63 7.770842996362363
63 5.42854075459016
63 2.0228816104512086
63 1.6442939761085995
63 0.9724237120799941
63 0.4488326646547023
63 0.7423206139760481
63 -102.93264971204181
63 -107.43497266054081
63 -108.07514385588397
63 -112.38841017003995
63 -1100
64 -100.0282007083623
64 1.4937608556005073
64 3.8100101111264566
64 6.148530338529076
64 7.469144102952785
64 8.465404914469401
64 9.867733696403802
64 10.568742810809702
64 10.855561583674406
64 10.902050999597638
64 9.182848054405124
64 10.23646489592963
64 10.34346767698029
64 9.985633491990864
64 8.343750814745768
64 7.924610863447977
64 3.914919491932049
64 3.737496529629233
64 1.4521332932089788
64 -100.8274618392083
64 -103.1904772457616
64 -102.5609970048034
64 -103.97094688301942
64 -110.61340175222773
64 -1100
65 0.03185840942879431
65 0.7592064899055684
65 2.435344053354945
65 4.577094847320063
65 1.2783161825078166
65 2.7677569593327664
65 3.9805022648452586
65 5.353633935083885
65 6.512781817491581
65 7.676621497410313
65 9.413758702904646
65 10.799539690414642
65 10.805600838035776
65 11.526039103412087
65 10.696345358326163
65 10.479935357434076
65 9.667616343315753
65 7.437752901127122
65 5.784735081281916
65 0.8270298874305659
65 -108.55787057467126
65 -118.03189952499712
65 -128.59152201064646
65 -1100
66 0.04671468008567036
66 1.9550611951587809
66 4.006742632560354
66 6.167291119709532
66 7.949380061678601
66 9.683201336093719
66 10.713534522941979
66 11.855265283089027
66 13.293454265718646
66 14.075693080948142
66 15.026038131394266
66 14.89470237887286
66 16.640758795266574
66 16.424030259922468
66 13.806367577284778
66 10.965277298903517
66 6.0161824662719
66 3.0379157074411154
66 0.7663992125018844
66 -100.13266997268336
66 -107.52651063368728
66 -123.06852896650446
66 -1100
67 0.10269905240978547
67 1.4601781358624084
67 3.0566351715392868
67 4.765410866105561
67 6.115055367759344
67 8.08966634207363
67 9.473779909612745
67 10.32025129243995
67 4.918361234408006
67 6.070802960638896
67 7.040243380745273
67 8.08331118953748
67 8.915808787552104
67 10.031005571947695
67 10.409557429405702
67 4.176187096390249
67 4.421005169070682
67 5.407330580860111
67 5.703761379824746
67 3.8463177219338256
67 4.030486754035658
67 3.9415997182638165
67 3.773546469314369
67 2.7049906936532855
67 3.6785599896934293
67 3.9353049880351048
67 0.621957028760713
67 -101.93647512021124
67 -106.92965600728056
67 -108.2319510649379
67 -111.09494766176101
67 -112.48521681414752
67 -1100
68 0.04864462661705388
68 1.4507507219872096
68 3.139606038764834
68 4.463050765435224
68 5.252658869075181
68 7.094674573009319
68 8.698334997447452
68 10.0029600758564
68 11.57230098660126
68 12.647449633824536
68 14.630514261523619
68 17.46030246175239
68 10.27148232028214
68 11.298339989445985
68 11.575942548771646
68 11.52747129967849
68 10.567573211792098
68 8.228734180649678
68 3.2916653216506244
68 0.15165494835244964
68 -106.6858830245954
68 -113.44974810667605
68 -123.30365715385923
68 -1100
69 0.09165951844790839
69 1.7040640263205638
69 3.7464532302095694
69 5.689488929151722
69 0.9684797789734642
69 2.119937123596542
69 3.6833536920983887
69 5.599492264048722
69 6.735644746547481
69 8.314230589049105
69 8.96486056698629
69 9.688182975650985
69 3.860224167022659
69 4.90304088538111
69 2.2356297109961547
69 2.726446862092881
69 4.22555457724352
69 4.871906507915731
69 5.793396111682212
69 6.530795081615672
69 7.410558092839288
69 7.781602945756328
69 8.220576137618504
69 9.44706608687967
69 7.533665410963006
69 5.429749924408579
69 3.1197179682052347
69 2.6638127617817826
69 1.0066516708749944
69 0.00829511235448166
69 1.5267049861180624
69 -103.01255852339136
69 -105.83549821548799
69 -112.63778593189568
69 -1100
70 0.05133418269781711
70 1.5238419307903197
70 2.993077660489645
70 4.9450339989205965
70 6.8572365797003965
70 8.305581565685687
70 9.371363775473474
70 10.427386521143044
70 9.527673633690643
70 10.810730656810396
70 10.691655090446803
70 11.596648125791289
70 11.708829539886644
70 12.682853487208924
70 13.036730447435822
70 8.732990556071432
70 8.367483413818212
70 5.618942992444094
70 0.8291953377793462
70 -100.68118093495892
70 -106.49383070625952
70 -113.5355778072346
70 -122.36391756164191
70 -1100
71 0.1329237162840288
71 1.9314534649551673
71 3.61368147721402
71 5.179921873014301
71 6.990415416745004
71 8.320334273335835
71 2.8779497492123394
71 4.149709756310702
71 4.989224823482754
71 6.14817282486236
71 7.54597305827711
71 8.787946989200707
71 10.184012606881147
71 10.70327403190432
71 8.977969993104637
71 7.585782521756471
71 6.28540945717492
71 5.124411645221025
71 4.211794762414954
71 0.16251883984126714
71 -103.89237791149212
71 -107.91195210707858
71 -117.45455864563138
71 -1100
72 0.04606168251410957
72 1.2768048372379137
72 2.392518046482166
72 1.9173306341776282
72 3.876337413035699
72 5.428607957180004
72 6.837325251006342
72 8.542824561399998
72 9.50295741050365
72 10.536332761600741
72 10.199575683865119
72 9.640878341372495
72 10.338675126479963
72 8.511119905815725
72 7.851251711861647
72 3.5164991178830327
72 -100.66123112987175
72 -104.0102387443979
72 -107.55484075872171
72 -112.51001344644737
72 -116.1718578596823
72 -1100
73 0.13709919534138795
73 1.9454250756385423
73 3.61655667709027
73 5.285545116135211
73 6.6662958437004045
73 7.522712491461567
73 9.043265904099496
73 7.966375409356564
73 9.063604942753098
73 10.801811730725012
73 11.247517135465525
73 11.15814294417256
73 12.09469398311666
73 11.6509305295779
73 10.865035851448187
73 11.563751196910527
73 9.966482592219053
73 8.593889033505402
73 5.995681280809659
73 -102.2448775969645
73 -117.53401750432715
73 -129.695209031178
73 -1100
74 0.1039919907898448
74 1.4760887403168543
74 3.049217195200671
74 4.780476147929648
74 6.375352083495513
74 8.540119627808835
74 10.428627830823734
74 11.565382003072564
74 12.300726957531392
74 13.59865054991763
74 14.477235627463582
74 16.17822831217478
74 17.833199799657685
74 19.52375844385594
74 20.096147720713972
74 18.418523601053657
74 17.104152127737414
74 11.375824607709227
74 9.6509741787876
74 3.553780762881342
74 -110.39834067228759
74 -125.31715966349753
74 -1100
75 0.051089861435830934
75 0.9041866614309136
75 2.7028332577612497
75 3.8949229951409428
75 5.283417406876479
75 6.544214128182185
75 7.051833249248899
75 8.125195121886536
75 4.677614376996801
75 6.186345161735618
75 7.305342988321744
75 8.243553291700511
75 9.860315258370933
75 10.324485008533523
75 9.621392383800146
75 9.234312543270526
75 9.217374607756557
75 8.760226969663599
75 7.206195368280545
75 6.264983957810667
75 2.8436978550565275
75 3.047455297393583
75 -102.24877889452799
75 -112.57777995084676
75 -121.55773113002896
75 -1100
76 0.10264152805435262
76 1.8477483582707028
76 0.7948016589862925
76 2.242961297594528
76 3.0925501607199695
76 4.858857806307436
76 6.142580130574407
76 7.696563454544104
76 9.390934245718336
76 10.990318701958673
76 11.6840029804741
76 13.281536957367857
76 14.728319213555858
76 15.143520739603366
76 15.283605340425845
76 12.20217749928771
76 10.989563683384887
76 8.895578592134282
76 5.84726129681367
76 1.690095584538092
76 -102.27767452162516
76 -111.53001817925514
76 -121.73789035387168
76 -1100
77 -100.01509915940586
77 1.5609364621053805
77 2.8692725108193717
77 4.424261164319469
77 2.2232875302628217
77 3.9071563761361165
77 4.97173413660839
77 6.5057560172753295
77 8.663873799855226
77 9.377538406396605
77 11.251274444743052
77 12.376872574596227
77 14.412370638635243
77 16.497441439486106
77 16.283597001118338
77 15.919939663802124
77 14.881616503490303
77 10.847451164939928
77 8.613036974269342
77 4.785874827562186
77 1.6150393168103605
77 -103.58640459314715
77 -110.71640130001495
77 -119.53472022758058
77 -1100
78 0.10525656795125887
78 1.5867549003882406
78 3.1801494361927043
78 4.937549249612668
78 6.553181103140247
78 7.862680892751645
78 8.683108574280713
78 9.707984721941928
78 11.374904030669871
78 12.818477717215508
78 12.397093170406153
78 11.94789036903517
78 12.496222257997545
78 10.83684108574834
78 8.419941609470305
78 6.847414624487142
78 4.5253560563397315
78 -103.46440714181725
78 -120.65473378347043
78 -135.76388134625347
78 -1100
79 0.045378039289786724
79 0.49475707180759226
79 2.3624501778519633
79 3.899618167881185
79 5.736857344763294
79 7.681383389969615
79 9.503856763581371
79 4.12123520001401
79 5.247921560507009
79 7.101054034005335
79 8.519656039180472
79 9.144905354689206
79 10.836018106226938
79 12.554541123072292
79 12.942694333831339
79 10.114988979429755
79 10.607007480028829
79 9.901632611679005
79 10.676362230706843
79 9.749927314470073
79 8.468423268281818
79 7.752102739465965
79 3.901278203033634
79 1.5467985653508798
79 -101.2176172900351
79 -107.35981589399678
79 -116.20922069355584
79 -123.42006929401198
79 -1100
80 -100.06051215987812
80 0.44406182229661756
80 2.5461153752443364
80 4.142603016219147
80 5.904796045954236
80 1.5763808019658438
80 3.079263840374473
80 4.70727280397703
80 5.500364555784803
80 7.229477400996841
80 4.609975642585186
80 1.513900563131867
80 1.6035232980115155
80 2.6042232427334286
80 3.634499357249737
80 4.918994989574438
80 6.135092168696118
80 6.937901011960436
80 7.513347849189595
80 7.574981700937954
80 8.660875466664196
80 8.71139478581159
80 8.111452282962762
80 6.387989786127922
80 3.4384757289590553
80 1.6169079756856721
80 -100.13396536110214
80 -103.74454552516336
80 -111.43670647307655
80 -118.84187070357007
80 -1100
81 0.18384486916990725
81 1.9601868087311725
81 2.50769275597241
81 4.340787805312021
81 6.185790916347906
81 7.475627831488165
81 8.533366890833944
81 9.493689851235775
81 9.37666898864827
81 9.992596502729135
81 8.856448047778217
81 9.032394828637848
81 9.709725593457284
81 10.164909037196853
81 7.78373124344375
81 6.028359298852944
81 5.076892406208987
81 1.1283285276163877
81 -103.36922860371598
81 -106.19378257031454
81 -114.07513776677044
81 -123.21625023808014
81 -1100
82 0.2081524575514185
82 1.7045958651232975
82 3.2252693979837304
82 4.669292721805098
82 6.63245717911688
82 7.315957695679726
82 9.211791065721222
82 10.119431067984802
82 10.773840275805021
82 12.040189819859751
82 12.4817334276696
82 11.894102289168774
82 10.355152225583392
82 9.254084182221655
82 8.200575319229905
82 5.2800190175435
82 1.6874399073971773
82 -101.08797267056859
82 -108.57862251878106
82 -118.57471423535907
82 -1100
83 0.1399411160032292
83 1.5939898535995336
83 3.402191263035107
83 5.437163746046696
83 6.712601636515357
83 8.556603612426784
83 9.663587358256128
83 9.48051979100941
83 10.724396880565351
83 11.952114329879148
83 12.481698115245512
83 13.080735316143002
83 12.843287781157155
83 12.744675435525572
83 8.012277486756055
83 6.365496157001713
83 4.350078987266041
83 1.9172971906952867
83 -101.36480029567099
83 -103.8133797946452
83 -113.08810679500932
83 -1100
84 -100.00198698870499
84 1.592667254608917
84 1.2542056987398056
84 2.6329334417105765
84 4.337596026608913
84 5.294369406655208
84 6.7203948133821685
84 4.803545022965164
84 6.501869541069264
84 8.050300310751568
84 9.440576066724477
84 10.597078602705139
84 10.432507610073433
84 10.868664187413376
84 10.922322492545302
84 11.739752838845998
84 10.63032562404782
84 9.299782029451423
84 8.335442159409505
84 7.120004740692185
84 1.958519289803494
84 -103.30043786683171
84 -106.55648206549411
84 -115.41475376074482
84 -1100
85 0.06336406904293299
85 1.9272209582286102
85 3.0727528121788374
85 2.273768415139712
85 3.0793015595443185
85 4.769583427665006
85 6.300991120035424
85 7.989578233628715
85 8.885043203689891
85 10.661331394623904
85 7.805550537802615
85 8.726793516221544
85 9.98634228386223
85 8.50636479110115
85 8.54529327077875
85 7.340580316488187
85 5.41643491095241
85 1.0527966434407166
85 -102.9009793556664
85 -106.91765174435096
85 -111.56417914788625
85 -121.08369267533539
85 -1100
86 0.08875407367587783
86 1.9002257480825584
86 1.2383079560526016
86 2.8532931384712357
86 4.958355101472284
86 6.028078232546748
86 7.561574918798628
86 8.719533058795072
86 10.432527240168238
86 10.742203346442672
86 11.254017479561352
86 11.301386521799609
86 10.81516977639973
86 10.815708646927268
86 11.192921140219664
86 9.77765072442659
86 7.99848846225183
86 4.417271924995347
86 4.083701070277733
86 3.50359259485737
86 1.552983314087978
86 -101.83840194656526
86 -107.14854697294686
86 -113.82071266748997
86 -1100
87 0.02129992985811262
87 1.5557554652654728
87 2.1716462428388392
87 4.090671169150603
87 5.710084884454608
87 5.4305046266397845
87 6.863877085969433
87 8.096819664700227
87 8.723066283344986
87 9.091773205993965
87 8.526394634951117
87 6.069707929802798
87 6.434294229601564
87 6.29317292706542
87 6.958474517605911
87 5.655346447497725
87 3.5409443830995837
87 3.5042761577750756
87 3.4676192132715222
87 0.5388249542658734
87 -102.76455119388531
87 -104.11623649521003
87 -104.13664402705882
87 -107.34154403032558
87 -107.66425260388877
87 -1100
88 0.11212295027322743
88 1.881721287407838
88 3.621861838118961
88 5.69812224737527
88 4.310041250885321
88 5.75227265101483
88 6.8363313270589305
88 6.501387366090661
88 7.7608636381014735
88 8.683618128618019
88 9.708413682358556
88 11.190900707718455
88 11.196042516327083
88 10.216884442423973
88 8.779603858560836
88 8.588059485309198
88 9.327790901671595
88 8.574436973896473
88 5.779183487477365
88 2.3396920199720608
88 0.8048729147553715
88 4.111440818843761
88 2.281788512868463
88 2.1932767128422768
88 -102.34165830730493
88 -108.47813447725119
88 -1100
89 0.022446869064459786
89 1.9105996259496958
89 3.760453318868197
89 5.393389204598728
89 2.7554269648732808
89 3.9496493048796433
89 5.634382884685815
89 6.39374416784163
89 7.278729300582092
89 9.32094225810972
89 9.643616053442564
89 9.747852834653273
89 10.376384407434891
89 9.541881573976285
89 9.243254244037018
89 7.550424146618652
89 4.202800410286519
89 -101.06959874060917
89 -110.81522255307965
89 -120.70358787319405
89 -124.56915623585637
89 -1100
90 0.1150363545184719
90 1.8407079953329615
90 3.498802295764521
90 5.466693600456473
90 6.716331075278744
90 7.6820298007809065
90 9.333160895282958
90 10.63999133043839
90 10.966022048824554
90 10.847451917276333
90 10.348613963023189
90 10.289000360977733
90 11.031185918525768
90 10.077608051004127
90 7.600701871890741
90 0.6864499990463333
90 -106.22677809765734
90 -112.56708725431838
90 -118.67584285463951
90 -127.86671736079433
90 -1100
91 0.20710031958831498
91 2.285754844228129
91 4.16624236384029
91 5.794231247888301
91 7.2783397831908125
91 8.390604672817048
91 9.416661905369653
91 9.622025664542678
91 10.561805313033414
91 11.73236378986435
91 12.253919196660075
91 9.497292007857565
91 9.713988353464002
91 6.6299131058492105
91 7.188911377768518
91 7.047659887789086
91 7.0520762127764245
91 4.832338840342286
91 4.348525853729749
91 2.013531769106331
91 -100.14059510331549
91 -105.19020115272701
91 -108.7632828734248
91 -116.08843384765306
91 -1100
92 0.04621388547587891
92 1.6014593666718386
92 3.0942045490818475
92 4.7285222086388
92 6.352114191725828
92 7.648409214424641
92 8.19393910357323
92 9.042491750563928
92 10.813473717522717
92 2.851786331608201
92 3.699409691258178
92 4.585310204226913
92 5.7473980062705134
92 7.088604421975744
92 7.6980859347877875
92 8.427735901726157
92 9.97656380354278
92 11.290485578144352
92 12.156789479370392
92 11.441783264915799
92 7.535967163716298
92 4.845780290278661
92 3.2808648232939994
92 -100.95680733764738
92 -102.77643953056781
92 -107.7731438562538
92 -116.60547589626232
92 -1100
93 0.0955315911577755
93 1.062809329510169
93 3.321213690447444
93 4.809330271046759
93 5.688131459962931
93 6.387688729563962
93 7.930902919430594
93 8.923860411736758
93 11.040838922497954
93 12.057623592411895
93 13.226594319541865
93 15.340116039810264
93 15.804611929590061
93 16.690488531721734
93 15.65593663185441
93 14.576415643581534
93 16.475855190832828
93 12.487786134134875
93 7.3541950240891545
93 0.510075419213603
93 -105.98569276936172
93 -119.55732949033836
93 -1100
94 0.10974036907348979
94 1.8054684196341988
94 3.4282744192524945
94 1.8094166346140603
94 3.0491880338804545
94 2.0150164021342296
94 3.9208946329861885
94 5.028350180456877
94 3.8549500931997414
94 5.079783463437143
94 6.592109517936917
94 3.590061531641611
94 4.936158094141698
94 6.287986960457403
94 6.4507338847520925
94 7.261690837021167
94 8.12775755351664
94 8.617472505392673
94 7.454539816956393
94 6.121725203632246
94 2.475756230936379
94 2.802468524450462
94 1.8813352117828006
94 1.9072712185243557
94 1.4425251698669292
94 1.4051151818517065
94 2.186174309516989
94 1.7347878540430308
94 1.4172833973592525
94 -100.08634621484502
94 -100.43258774516107
94 0.4483333717007767
94 -101.02033952405557
94 -100.16998143700306
94 -102.55188030854117
94 -102.73650624604232
94 -101.00460165859967
94 -104.1523940894989
94 -1100
95 -100.07821312380048
95 1.7853680787712045
95 3.251945381441748
95 4.8101464889577965
95 5.943520499673184
95 4.739725665457317
95 6.127924370968629
95 7.574121573089512
95 8.956751781297605
95 10.003048107657607
95 10.83105900371021
95 11.657358038531866
95 13.273018148795959
95 14.737807604365067
95 17.041928159933775
95 17.63545156373217
95 18.246166625122147
95 20.035225493127268
95 13.998126538615953
95 14.589369620719575
95 13.332809818638076
95 10.346722247771748
95 5.016718941406458
95 2.379720169540281
95 -100.77050908865799
95 -107.4993714852765
95 -120.08190696649064
95 -1100
96 0.10517913101522124
96 1.5005997435325307
96 3.3784076278458843
96 4.756824318573299
96 6.60673742355419
96 7.578681503448405
96 8.737158382123667
96 10.075714179301624
96 11.838902533530602
96 11.849567262771211
96 12.9384346168142
96 13.289534738559592
96 12.435290339700234
96 10.89119811540887
96 10.285796340551467
96 6.136262645342453
96 3.869656044412027
96 2.0963177067653174
96 2.5301968305384595
96 0.4955797108838844
96 -101.75927040867151
96 -104.42510479663682
96 -112.74590579420537
96 -1100
97 -100.0184417318852
97 1.5326279699484031
97 2.6364168898136975
97 4.081320297166162
97 5.831557112893998
97 7.603793845256529
97 5.192183103903714
97 6.21014258292084
97 7.485794176445022
97 9.033653689268736
97 10.38346961307249
97 11.608605871817565
97 10.436733386310763
97 10.677536348431913
97 10.191437665581265
97 10.115740841761166
97 8.473368354082991
97 7.908951106447004
97 7.207840692994151
97 7.4798869178713385
97 9.410058901320882
97 8.097943172369918
97 1.0302668107080564
97 -100.94622666701906
97 -102.29123425093739
97 -106.0927623577541
97 -115.01569871784409
97 -1100
98 0.09352531556983452
98 1.6010623480151256
98 2.9764308094627396
98 4.38784131521343
98 5.950803619350554
98 7.138614142274985
98 8.107442342493409
98 8.822155304697189
98 9.640840023491835
98 10.106611081244118
98 11.198669820770746
98 10.821679052027852
98 11.160119608642503
98 11.869590579110035
98 11.808706278844797
98 12.29262022951291
98 9.452977391240616
98 7.386648011893268
98 4.797718744540447
98 -102.82159883670217
98 -109.18901942330817
98 -119.32712426175445
98 -1100
99 0.00660772256199916
99 1.5301123560901195
99 2.6800499913281803
99 4.441006477826703
99 5.81742795696892
99 7.6863435500007
99 6.089842725436686
99 7.4580069568807845
99 9.2007490939878
99 10.833296860848291
99 12.576307229097324
99 13.264396492185003
99 14.148547376546324
99 15.789427294390133
99 8.595838843143413
99 9.596812942144053
99 8.98115793734112
99 8.429653774378266
99 7.255915202774606
99 4.623009302981117
99 2.9996594385203723
99 2.2860797162168076
99 -101.98438657653398
99 -109.3886112233541
99 -116.32899054241227
99 -122.71301781150574
99 -1100
100 0.11724784267413865
100 1.5282996419916033
100 3.622375523891654
100 5.005450473649608
100 6.679095686792162
100 7.782579423126659
100 9.202984445073762
100 9.84596577270259
100 8.347560901824089
100 9.051691790182936
100 10.077620818768523
100 8.534561437925412
100 9.68604316306104
100 10.59299915535972
100 11.42907878193827
100 11.258016234472231
100 11.307436706017745
100 12.751735425917168
100 12.268161179930786
100 13.216218450547782
100 8.665986282642997
100 8.31272177336162
100 6.3606185230440335
100 2.933388763201515
100 2.3009820177074083
100 2.7932788486321662
100 -101.4764340620818
100 -111.04598823223233
100 -115.76810247044507
100 -1100
101 0.15951517971417808
101 1.7313132733092118
101 3.0990119390705693
101 4.448849324643818
101 2.8898778964196716
101 3.496242289797976
101 4.9444108172049415
101 6.342862116016745
101 8.15689576291553
101 9.251626160202044
101 10.781600998848361
101 11.089367089745236
101 10.790865666910843
101 11.501983329844531
101 9.983109222879357
101 5.399087170925975
101 4.924150675932997
101 3.5423804276392126
101 2.5607780221209193
101 0.043431726827890316
101 -103.8540964916159
101 -106.48332449749371
101 -114.19310506980047
101 -121.12989037871957
101 -1100
102 0.026190049110038114
102 0.8900925583532092
102 2.3884169268727344
102 4.27675071155546
102 4.88087039769088
102 6.325623843859987
102 7.685496843417701
102 9.2283545489009
102 10.755473771457506
102 6.099030866577397
102 7.319086767369602
102 8.336406154628298
102 8.498515149836217
102 9.593955306734632
102 10.811507817294917
102 7.267560309736517
102 7.917552383825413
102 6.918143917692886
102 6.597655424660309
102 5.3890783905617505
102 5.150811856718561
102 4.4186659325653554
102 0.828960926707337
102 -101.79857890841062
102 -104.1139176968196
102 -104.79485858821556
102 -107.97363884237474
102 -114.97168321275662
102 -1100
103 0.027523061191001837
103 2.113836621979385
103 3.44430465783253
103 4.934225199655751
103 0.8818347005729691
103 2.609173218773786
103 4.1091357459965225
103 5.582487550003172
103 3.4023195063617053
103 4.598232525118499
103 5.753411925536658
103 6.874796483661554
103 8.21704848170604
103 8.455850949981116
103 9.269101027411883
103 9.343083385467791
103 10.452841565336564
103 9.802989312279543
103 9.713340425468767
103 7.987208221782396
103 7.333747259489946
103 2.943473537014974
103 -101.03333601210255
103 -107.09605527737841
103 -109.60336016424071
103 -111.33260117988034
103 -119.26815178762722
103 -1100
104 0.004098132725495346
104 1.1731434796117046
104 3.001050375892145
104 4.075393478691992
104 5.595105165439798
104 6.825929424765101
104 7.825286929500321
104 9.053569067919478
104 10.15413606974751
104 9.763016872911598
104 9.54938854901732
104 10.063677935272622
104 8.716501435748388
104 8.72118372548934
104 8.424891006602488
104 7.023001521715999
104 6.548769882305287
104 4.0387862940062895
104 1.7367292397065732
104 1.5637717825815471
104 -101.95886114742683
104 -113.6998705707946
104 -1100
105 -100.0293017227396
105 0.910818272127819
105 2.5746098291127293
105 3.977486580833605
105 6.129774491517865
105 7.756410144747156
105 9.27523164410272
105 10.364800117562835
105 10.516668304566268
105 11.859526179966839
105 11.652083481765764
105 11.41669633785501
105 10.728674180960088
105 8.435293682139218
105 6.698345540501957
105 3.4404025404137197
105 1.8169634320919528
105 2.9112124870582896
105 1.7388706318778748
105 0.6488971944472581
105 0.2324505095149334
105 -101.99523285045893
105 1.013360212919828
105 0.9537433612222372
105 -104.23195324235027
105 -103.29509030130207
105 -1100
106 -100.0672339142093
106 1.4829384217600439
106 3.2622479484760354
106 4.619066671634516
106 6.122245478840998
106 7.030175326909146
106 7.898097148163243
106 9.322116175268246
106 10.526984280519397
106 11.402840338768149
106 12.489231940905897
106 13.514271004136399
106 14.582841102047578
106 14.532135625286173
106 13.076725336008167
106 12.447130688419218
106 9.462613691911148
106 8.57508331748612
106 4.357133504500894
106 -100.07845962424778
106 -108.87851998934813
106 -120.9637783445221
106 -1100
107 -100.04739808641449
107 1.884467423840556
107 3.763220887176584
107 5.599379765909988
107 7.238214818914159
107 6.4113820248065485
107 7.458631087304347
107 8.566972224972847
107 10.619147347657112
107 11.09199505933776
107 6.789920063898183
107 7.349029820286783
107 8.193341336644773
107 8.316490478299684
107 8.998797992436808
107 9.239553062509358
107 9.918328571398556
107 6.317051316523514
107 5.463998485701747
107 4.918468584783558
107 2.710398231704527
107 2.37889757898475
107 1.0550958246510032
107 -103.70999939949934
107 -106.37179911837646
107 -108.73327183214187
107 -111.53394662437819
107 -116.94347657497033
107 -1100
108 0.03492911029082931
108 2.0882139819688583
108 3.5991526643295595
108 5.438865434897019
108 7.112957665874937
108 8.173573525679107
108 9.001847828008916
108 9.845081789492692
108 10.875537756704063
108 10.596665270344575
108 10.229836807458115
108 9.057547724519871
108 8.312020755490042
108 6.346364458591555
108 0.09687521428574009
108 -103.07711353036784
108 -108.87994596584326
108 -120.40166549261603
108 -130.137894597825
108 -1100
109 0.09450077234249576
109 1.4175569942681308
109 3.0963949456672
109 4.846221759127877
109 6.795107895223768
109 8.612768813977675
109 10.334795206770753
109 11.188905618890749
109 11.934713470205107
109 11.785073362690305
109 11.484938028942668
109 11.834969710556745
109 10.892942439083058
109 7.98194070478671
109 6.282233998956075
109 2.341950295879835
109 -100.63499317928716
109 -103.78494103587737
109 -111.50448893323292
109 -125.03622846965717
109 -1100
110 -100.034592439973
110 1.779936312715652
110 3.0310200616907257
110 4.229007654291931
110 6.153097860972609
110 6.846462439267307
110 7.459248312079525
110 8.766767238103519
110 10.105580862131838
110 10.642124591954653
110 9.844407703042986
110 10.681778392249885
110 10.579757379563372
110 11.619886016771801
110 10.705661281505112
110 10.116969310613097
110 8.368712574042732
110 3.2049632134921335
110 -100.16113126053365
110 -105.95615088683219
110 -111.98149921308453
110 -124.0108358850982
110 -1100
111 0.11701529053584829
111 1.3907599885754218
111 3.0314884775159996
111 4.455244388865029
111 6.260149789349714
111 3.337180627661014
111 4.66614189697849
111 5.693069643626885
111 4.484785567525035
111 5.332579317171839
111 6.786926797349373
111 7.692217211950591
111 9.457239584112717
111 9.435592290586033
111 11.068665100715364
111 11.288404698755066
111 11.844356346547007
111 12.277301464986373
111 11.065955228453824
111 11.750928300696835
111 11.365114620013314
111 8.282700397895253
111 5.4714903249219695
111 2.539639772669183
111 3.322493939059303
111 -100.12341382592498
111 -102.58436511346935
111 3.331266555495702
111 7.255700092684499
111 5.166852602578821
111 -103.51026049755396
111 -115.15517899746493
111 -1100
112 0.001985222856471553
112 1.6837778914698134
112 3.17210052699889
112 4.764331596941497
112 5.774088173980037
112 2.4490809335814534
112 3.916496207876716
112 5.157382107509771
112 6.850017051956964
112 8.684031210831982
112 10.34413425762802
112 11.496346734924902
112 12.840108511435236
112 11.785475754592845
112 12.399685224816228
112 10.623275545602997
112 10.776587613833236
112 7.238388987055829
112 6.367842973549834
112 3.8216700792900866
112 -101.01479429602597
112 -108.39555298731923
112 -115.15805148348518
112 -125.30318889913869
112 -1100
113 0.06347845191682495
113 1.5405735130497586
113 1.2007488515985107
113 2.613090728833736
113 3.913297098949158
113 5.379205792871284
113 6.078418248124461
113 7.547875600318953
113 7.552487761060253
113 8.777985093422624
113 10.067508740165723
113 10.310144942135773
113 10.215342729484897
113 9.727642015859566
113 8.969463726714352
113 6.918677249424616
113 3.739075204632086
113 3.4723935160218815
113 2.552714491120451
113 3.0209886051721035
113 1.7723817310418752
113 -101.41450424021959
113 -101.79247749701375
113 2.1679937346766565
113 2.3741800515713294
113 -105.26880038928323
113 -115.08278029658618
113 -1100
114 -100.02374451930156
114 1.5529673419301464
114 3.1903144065328273
114 4.965593649542688
114 6.203914368024893
114 7.386991506882143
114 9.049632488872785
114 10.45606087641257
114 12.758164694529988
114 13.970177111071287
114 13.820735400140633
114 14.99376331865861
114 15.469184659519794
114 12.898868597590466
114 11.12693980472471
114 9.966160056004393
114 7.2016633330631645
114 2.400481226652998
114 -100.74744757862385
114 -105.63109452658891
114 -107.12819681519916
114 -109.48178694441418
114 -112.87385056209308
114 -1100
115 0.14846596255744693
115 1.8807831111244335
115 3.710706625441796
115 4.970012575470831
115 6.826223069042468
115 8.713861894010785
115 9.607049245372288
115 10.238215573859966
115 10.56614331424312
115 12.45026326512195
115 13.404477420071132
115 15.414722350720917
115 14.160264635970663
115 14.349095816439505
115 12.043181411457805
115 10.066893004959113
115 3.3883713173496517
115 0.940779462259794
115 1.8609147100132688
115 0.012996418004689758
115 2.781342722686283
115 -100.38207504273947
115 -109.99578032865122
115 -1100
116 0.021057824682565195
116 1.4035836099196861
116 2.9054142755297327
116 4.350226504779845
116 6.284174451310397
116 7.984989008766565
116 2.848905399020243
116 4.402539940464161
116 5.88946978588955
116 6.596862193802407
116 7.696649287836411
116 8.469121789206888
116 9.631280974815155
116 9.985840606757312
116 9.654753136516572
116 9.318212144132772
116 7.278739623815371
116 4.198525797195495
116 2.911467223503074
116 0.0144834793339772
116 -102.97864751231971
116 -108.86074901470421
116 -114.35829413311188
116 -123.72258596857976
116 -1100
117 0.03387569221654369
117 2.0934727539776663
117 3.841721314397184
117 5.427159028278193
117 6.241022498624949
117 0.8943787402777003
117 2.329181163811535
117 4.278857163592496
117 5.300903844615802
117 6.53412365130426
117 7.938859650709036
117 9.573473166621097
117 10.956223579138548
117 11.78125512998675
117 12.906653258515513
117 13.973223986722935
117 13.971332747083448
117 13.875800278068711
117 11.84104800098677
117 7.885160456123506
117 5.023697634348418
117 0.7437503371210283
117 -108.86538334605407
117 -116.30889496699828
117 -121.14108558346834
117 -1100
118 0.0421511942819045
118 1.39956089447555
118 3.2357131609668905
118 5.047889879794241
118 6.5480028857638715
118 7.837659152116523
118 9.810859575269612
118 10.642250524466487
118 10.808853387644445
118 11.243218119683075
118 12.347628185835635
118 12.587162448674903
118 13.117384872894242
118 11.601648755286472
118 8.61544325804066
118 6.156171246247643
118 1.9056699451954575
118 -102.74778010363171
118 -111.2540753027661
118 -121.70560158034614
118 -132.43234091033435
118 -1100
119 0.08406403436017697
119 1.8949327987355682
119 3.1527074099818684
119 4.97930555785242
119 0.5813916212032776
119 1.9901942275017532
119 3.2190530284182137
119 1.7234842110450972
119 2.973358063073911
119 4.808487497629804
119 5.9757891737470015
119 6.81455738957402
119 7.380014264521637
119 8.250633609288252
119 8.942761023579068
119 8.643961508458347
119 7.637356680982691
119 5.624856270052868
119 3.79724095607631
119 1.1427345098803325
119 -105.92127708563967
119 -119.08185918271342
119 -127.12177545691777
119 -1100
120 0.1545373367262596
120 1.77065384171365
120 2.8181169514628785
120 4.868833877699094
120 6.377557219667827
120 7.328125569909758
120 8.97781997304561
120 9.550920448767677
120 10.743701044942659
120 11.954960426163037
120 11.554817741604113
120 9.567319186316338
120 6.934622716765779
120 5.146159456188986
120 1.6104630434099647
120 0.8487296377099014
120 -102.74163742709092
120 -113.1028807316251
120 -118.98492555533917
120 -1100
121 0.05394861883981186
121 1.702153636228058
121 3.659544615437152
121 5.117301186819428
121 6.43826883673597
121 8.040407984706556
121 9.231402497380959
121 10.192896193793343
121 10.972464272350173
121 6.1741471294229395
121 6.872633578046311
121 7.612164902060968
121 8.507358365490692
121 9.029964123891688
121 9.264929556321887
121 8.926081312023047
121 8.271324852884474
121 6.3381955732445885
121 4.436159229871924
121 1.5323684448468775
121 -100.0707791761387
121 -102.92799367641383
121 -111.20389695507424
121 -115.86106997018422
121 -1100
122 -100.0539205436447
122 2.0060564877154383
122 2.2747670446573895
122 4.050814150921083
122 6.14819983499741
122 7.986992483482506
122 9.956507305425959
122 11.998871434038833
122 12.726445436128847
122 13.402926538391664
122 13.693552519381354
122 14.178309515566484
122 13.83536051531064
122 11.03854213085877
122 10.560529650522334
122 8.855609697745649
122 9.335679138887034
122 5.691297041756954
122 3.4957389040690074
122 -101.01912765272633
122 -106.62661212661929
122 -115.53930916532926
122 -118.89771100467814
122 -1100
123 0.02382514371670174
123 2.0008063394164926
123 3.7487312891119546
123 5.392911307576578
123 5.974201688544132
123 7.475960464296495
123 8.189258902131758
123 9.322716514777984
123 5.6290536032211484
123 6.750522491358248
123 7.684672226466379
123 7.533335939788532
123 7.079920273029101
123 6.316901013061258
123 5.545775567133993
123 2.9532517151175313
123 -100.68165924145276
123 -106.26729935753634
123 -107.3517035794045
123 -108.80514033280005
123 -113.38363248311435
123 -118.9920953347059
123 -1100
124 0.12178543431856755
124 1.237145390665023
124 2.725691817111489
124 4.8086004942823415
124 6.347911049636739
124 8.211187120994014
124 9.185731998650413
124 10.084253618053792
124 10.833836017305911
124 10.828072358081695
124 10.706294661015633
124 8.629085094579144
124 7.804751190682903
124 6.0120691830131
124 6.51778016667144
124 7.574772316349445
124 7.181226254833095
124 4.01662272161539
124 4.257276759988751
124 3.4930485656775527
124 2.1451539816207443
124 2.0198351627770457
124 1.7733405473035724
124 1.38134674288359
124 3.522491132868293
124 1.787517001665968
124 -105.1165747793667
124 -111.59720298362913
124 -1100
125 0.0955877324141876
125 0.6813209357405657
125 2.2916849751676795
125 3.8813235718610275
125 5.442588448519721
125 6.2530517173547455
125 7.812875582077063
125 8.571427941577005
125 9.99256912762566
125 11.267985692989184
125 11.530861754967116
125 12.148195847931488
125 12.195635701528925
125 11.31934101624843
125 9.53199842626795
125 6.135042805473882
125 3.191613211116083
125 2.0056720206712093
125 2.5171504557838773
125 1.6335806151862506
125 2.4170891476476974
125 1.7246201545953195
125 0.6805425050431051
125 1.2394345238746816
125 -101.54971896606352
125 -102.79066229850365
125 -101.3525316456948
125 -103.88089499696605
125 -112.86910980757729
125 -1100
126 0.13874721472193102
126 1.4285085383469465
126 2.8631180221548465
126 4.173347937136255
126 3.4359054279568464
126 4.938688024494447
126 6.3712200913555455
126 7.098210799778366
126 8.756193676914735
126 9.65738706082891
126 10.433749283774299
126 11.890414283778279
126 12.448279235987124
126 11.720907912275987
126 9.619230345765978
126 6.314810218241249
126 2.258825272051638
126 -100.43572764109584
126 -107.8042256026191
126 -117.32141091582977
126 -124.03058326830643
126 -1100
127 -100.09187428061605
127 1.4918944284132252
127 2.5278946744874267
127 4.243758245875606
127 5.737983950631278
127 6.746707426613474
127 7.375136623781936
127 7.88890898092801
127 8.818619025311458
127 9.588500672442278
127 11.515008697637418
127 11.216791900130728
127 11.352781108876872
127 11.822741353869205
127 11.583236149766183
127 9.986511276149894
127 7.49814447833281
127 1.9501703964877741
127 -106.99424251354115
127 -112.52977504107261
127 -120.23001295662357
127 -1100
128 -100.04127259861355
128 1.8132417936335428
128 2.8387648611650333
128 4.207311339524972
128 5.553514888601873
128 7.142631762496004
128 8.474737950560495
128 9.117271040078212
128 9.032183104627086
128 9.215290662653741
128 8.827649170785598
128 6.512735050498518
128 3.782409430910554
128 2.8362419858161614
128 0.5380691775750961
128 -103.48345043609746
128 -108.34196654058148
128 -116.46544527805924
128 -124.74012515434015
128 -1100
129 0.131941803938146
129 1.908280455288057
129 3.6629575622241366
129 5.18480146809676
129 6.986224654197084
129 8.229614763474508
129 9.221171994841738
129 11.604129815499544
129 11.96718236816349
129 12.2906331855587
129 13.399663752065521
129 13.326134856475063
129 14.0922025810401
129 14.070630190232087
129 13.692940231901993
129 13.015224425442078
129 12.651817347473116
129 13.95749566497411
129 10.32011643281611
129 -101.99092573048034
129 -115.42069023756264
129 -133.5759364164965
