0 59.941
1 57.0907
2 17.2389
3 50.1992
4 38.7284
5 47.3856
6 36.2997
7 45.5948
8 42.4869
9 45.4175
10 47.377
11 42.0554
12 41.8754
13 36.3928
14 30.1891
15 47.8905
16 52.236
17 37.6617
18 47.2692
19 27.8545
20 50.3878
21 43.335
22 48.6893
23 29.3219
24 29.2772
25 49.1838
26 47.9156
27 40.6226
28 44.5597
29 41.4401
30 36.5458
31 64.9393
32 43.9779
33 38.7611
34 107.497
35 56.8975
36 25.4518
37 40.7524
38 38.7299
39 37.6888
40 62.6624
41 54.8391
42 34.3975
43 41.2876
44 36.2614
45 33.8129
46 45.7114
47 33.4457
48 36.8766
49 42.9149
50 27.4906
51 70.9557
52 40.0719
53 213.913
54 59.0516
55 30.6746
56 47.9298
57 48.1942
58 40.9514
59 61.3616
60 40.5402
61 27.7009
62 49.075
63 38.7761
64 43.077
65 38.9285
66 34.3486
67 51.1237
68 30.9895
69 79.6903
70 39.7704
71 47.9941
72 39.0323
73 55.6074
74 35.3101
75 41.2589
76 40.4198
77 41.3693
78 42.3248
79 47.7366
80 50.9786
81 34.4237
82 47.5681
83 25.5996
84 62.812
85 19.3885
86 42.2936
87 50.7203
88 40.2222
89 33.7069
90 48.475
91 37.6337
92 35.4272
93 36.2435
94 35.8917
95 39.8571
96 33.0717
97 32.1082
98 60.5702
99 30.7516
100 49.6851
101 59.1649
102 27.2783
103 74.1028
104 57.1122
105 39.5474
106 81.5775
107 43.9681
108 64.8763
109 36.8798
110 36.8466
111 26.3484
112 53.4324
113 36.4594
114 39.2477
115 48.7269
116 39.4962
117 42.4996
118 34.1326
119 40.118
120 37.1736
121 48.8776
122 31.5317
123 40.8839
124 26.7058
125 34.6548
126 38.4738
127 37.4218
128 60.9403
129 38.302
130 45.3829
131 40.1027
132 32.734
133 34.1688
