0 -0.13005491442961137
0 1.5266347529172115
0 2.490544595412195
0 3.3246282045559807
0 3.879704214820044
0 4.7131536802388885
0 4.1130986219977395
0 5.45023085403714
0 6.751344671723727
0 7.7013162464296085
0 7.13464722813886
0 8.196331847797715
0 9.942633210983205
0 9.554170136965265
0 9.277595624973486
0 9.651426062503333
0 9.855871702753827
0 11.68817808283856
0 12.009648909858354
0 12.432085883993038
0 12.39480607162946
0 12.459075387868438
0 14.65334890601908
0 13.7629559328376
0 13.980085630912718
0 14.769353989106794
0 15.052205581778992
0 16.644327338631964
0 18.60317233531165
0 20.063717912466284
0 20.249870169948565
0 20.081409476167224
0 20.725606688873363
0 21.826623198644562
0 21.062885420526964
0 20.338103254893007
0 20.21186923921568
0 20.99623110084709
0 21.31725972982255
0 20.188006517251573
0 19.00448375889574
0 17.593034950725
0 15.565167770049985
0 13.95451099940886
0 12.306682374473024
0 11.166553063721551
0 5.92715541049003
0 1.0604239335607488
0 -4.743829417112742
0 -10.261912776107266
0 -200
1 -0.01025904031309069
1 1.5283406248483244
1 2.3144668686539385
1 3.187994462228003
1 3.244377003700235
1 4.0247465547469305
1 4.370802425299865
1 5.183166148725837
1 6.275880143772882
1 6.648459078714681
1 7.296997927377621
1 7.259501517365538
1 6.624823788625537
1 7.907889804334895
1 8.32569638404486
1 7.995457810774251
1 7.414972020093106
1 8.857358431516445
1 9.19053581644199
1 8.514531007992414
1 8.126218372122926
1 6.732178781478736
1 6.315641214124694
1 7.250662771419256
1 7.498246369341249
1 8.344139415260189
1 9.30941456920885
1 10.470989373664704
1 9.940917303508675
1 9.038953870671525
1 9.115355204479819
1 9.211902438294343
1 8.440609895125919
1 8.268329640758143
1 7.863435296359459
1 9.471211105586033
1 9.808821092680324
1 9.659416361816577
1 9.942930012015232
1 10.646805571909848
1 11.05838506045592
1 11.123749318793223
1 11.64191042048137
1 11.452965521448288
1 11.50303782032973
1 11.835890467455915
1 11.668015149973513
1 10.683897388792062
1 10.580697287508798
1 10.422440781279711
1 9.915771456163528
1 9.606232950432112
1 9.495418681664265
1 8.343380786374329
1 6.050994880717258
1 3.1045061325235004
2 -0.08265241275333012
2 1.8125316159588964
2 2.9447259784906965
2 3.6890397170102305
2 3.6025674024153695
2 4.438252803682747
2 5.4341177731659025
2 6.133048145831514
2 5.953824814321686
2 6.541728885916856
2 6.404786569452473
2 5.734610415562015
2 6.261456711662299
2 5.658659088979099
2 6.009158604270333
2 6.6623450966571856
2 6.747675608794588
2 7.164824271698759
2 6.756564930969211
2 6.939789912051569
2 8.209171605824354
2 8.015491137149182
2 9.043576686612484
2 9.801215585864098
2 9.5028630466234
2 10.519588306389727
2 10.108448627453068
2 9.484761743940958
2 10.255852866417587
2 11.150646488388366
2 13.050056482538952
2 13.735691871805251
2 12.946550912792866
2 12.565202459944029
2 12.265356950259557
2 12.962211054603369
2 13.407225596254433
2 13.191553263759182
2 13.045623421588305
2 12.548645251204855
2 11.186137666812627
2 10.730027513693969
2 9.814411695047323
2 9.11009632886697
2 9.264746322464411
2 7.664771660692203
2 6.00215868117745
2 3.7955889698661256
2 1.7637972280959762
2 -0.7271979924233669
2 -3.586618817425075
2 -5.413120094776071
3 -0.0688063147617424
3 1.5280928056258225
3 1.668550852955985
3 3.2666765219990315
3 4.218146931659873
3 4.315912516399093
3 5.7198154457242465
3 5.912335936085283
3 5.688212657287549
3 4.55006448869007
3 4.892758903717905
3 5.250527840026107
3 4.439405707711193
3 5.070988815909708
3 4.641824691387207
3 4.714808913169624
3 4.185903742549701
3 4.674419001944684
3 4.636314777684549
3 5.991090624462603
3 8.150427615367818
3 7.738892510357236
3 7.91470420900092
3 8.659269543837802
3 8.546650646778678
3 9.66119164818304
3 10.1510356743303
3 10.10025238562598
3 9.307537269434551
3 9.447183980741551
3 10.853589694506182
3 12.357580555233525
3 12.616172135381875
3 11.981711789547955
3 12.198621795068995
3 12.819003051985064
3 12.84707908008664
3 12.075427139951959
3 12.15558974945847
3 11.452928292950695
3 10.795274173318585
3 10.697786465820144
3 10.31389784580282
3 9.983162428637986
3 9.665950680730596
3 9.983192138830905
3 9.261917458944836
3 9.342601811492884
3 8.879033869202456
3 9.0646267701894
3 9.3451172823852
3 8.679064993724953
3 9.05666750793162
3 8.507810089093757
3 6.673191996268038
3 2.9150412330267876
4 0.11656685431437896
4 1.3883342496738627
4 2.382506796656346
4 2.9392571327164716
4 3.6380905235751118
4 3.5996708797573795
4 4.536943462547228
4 5.289725288957022
4 5.637277082646676
4 7.390211022706814
4 6.1761399279788645
4 7.623858188920965
4 8.618244913180703
4 10.661612481352272
4 11.377260590871225
4 13.316169218625157
4 14.08618416900951
4 14.624333192865196
4 13.66912005872417
4 13.956129831470799
4 15.516081468932478
4 17.069731339280338
4 17.258237794374
4 16.639016946967367
4 16.883199132118317
4 16.840768315292255
4 18.130653605302548
4 17.970937846884777
4 19.052399766709296
4 18.626541573343758
4 16.963884680150965
4 15.888951218140093
4 15.496459091548648
4 15.219650413083233
4 14.190333009085986
4 12.378427529243986
4 11.628936877478457
4 11.068871814596893
4 9.831085482375176
4 7.231713170286396
4 5.147376309407601
4 3.3971548207829763
4 2.7111625506469963
4 -2.164564965802267
4 -9.464541874598119
4 -18.8382287849943
4 -200
5 0.007203740079789514
5 1.2330118277807047
5 2.194855239652456
5 2.7164363778938894
5 3.850548692115373
5 4.039689127377039
5 3.8711679087603335
5 3.377307248190018
5 4.319678417948465
5 5.211234675318296
5 6.231447824728977
5 7.28095538876082
5 6.725250465323843
5 5.779929174857254
5 5.675905972917277
5 5.42866773904484
5 6.109604730012688
5 6.7442762646798124
5 6.330076071668982
5 5.7164700914838535
5 6.635674248330007
5 6.5805214027019945
5 7.274855385114667
5 8.971166119383136
5 9.475851013450677
5 8.972363503260956
5 8.582704785783463
5 8.28886010011801
5 9.204154547416644
5 8.318792745247945
5 8.77399816657245
5 9.73248338862559
5 10.599220458277577
5 10.224457805149166
5 10.378200870435569
5 11.032084728174327
5 11.390047660162171
5 10.862935606028326
5 11.802191821582369
5 11.50529015070326
5 11.837104966805189
5 11.699770280179553
5 12.068668027026021
5 11.96822019658434
5 11.967363255870556
5 12.053711496263428
5 11.808477968409075
5 11.20314118964162
5 9.551330679326119
5 8.641957904787953
5 7.851462460365232
5 7.145749370624882
5 5.32060112350627
5 4.2699562943315925
6 -0.03135773429157881
6 1.1133967863390857
6 2.8465714258031762
6 2.9986570886147588
6 2.9520870808601627
6 3.7118741594385583
6 5.194271710284152
6 6.391747514685508
6 5.82735040141016
6 5.9370186236585445
6 6.168497313048741
6 5.445317876635562
6 5.780928888970426
6 6.334800127196963
6 7.294283673969652
6 6.172570991885937
6 6.27572737350864
6 6.577750467028218
6 7.5979939190229775
6 7.0945788442074145
6 8.226489426199038
6 8.596874428631983
6 8.65083227880235
6 8.909511947898148
6 9.189731636019797
6 9.042613784462189
6 9.093775287852031
6 8.146540115218283
6 8.513202899908718
6 9.885231123204939
6 10.993726700504494
6 10.983308275728662
6 11.445125083064855
6 11.908108898772147
6 11.158535623056206
6 11.25193089734776
6 9.931244169740115
6 9.518930271466482
6 9.740666004697793
6 9.986464139513302
6 9.56597098317209
6 8.493762226804968
6 8.022260556816207
6 7.383898293971166
6 6.745746077966216
6 5.99345471860671
6 4.988441088866075
6 4.537576805275194
6 2.873211459094458
6 0.5240805491536342
6 -1.0874365924565979
6 -2.693414469939089
7 0.08288348989125141
7 1.4541783416685456
7 2.282978975019778
7 1.9883810599262752
7 2.64240821485599
7 3.36835977007243
7 3.2012944771915137
7 2.6684547844520714
7 3.2576957473535377
7 4.423250821751322
7 4.773207625999268
7 5.120903779128235
7 4.509462798521878
7 6.236831987620228
7 5.413374737569311
7 5.9210918411394164
7 5.177436729008139
7 3.90429622446241
7 3.283804804572665
7 3.1688729522827255
7 3.842343296635777
7 3.581753233209402
7 4.3171916057749815
7 4.795204314468706
7 5.990957939643699
7 6.129157374110578
7 6.467402691348393
7 7.278482404123872
7 6.960329583321738
7 7.103685311738886
7 6.873174001093643
7 6.462371860837393
7 6.921603182273089
7 6.6390510192055965
7 7.209228691524631
7 7.117372942386769
7 7.300866068746926
7 6.154664377099893
7 6.259476112742391
7 5.616609704010861
7 5.770459349323103
7 4.9544770054654625
7 4.702702935353426
7 4.320683008812745
7 5.187991901081143
7 4.754091483738236
7 4.436011486585633
7 5.0834573887665
7 4.672208635250847
7 3.9874271451901975
7 3.4768032133327123
7 3.59345687465184
8 -0.019668807326274042
8 1.3064141944023429
8 2.3327596452751918
8 2.956950522722049
8 3.46682539745072
8 3.137033658487496
8 3.0608736173893107
8 4.093878917273791
8 4.30657340169017
8 4.63231652871929
8 4.4725712000479705
8 4.993850652145556
8 3.7379800678727935
8 5.247366361700897
8 5.680895077057353
8 4.611093049656027
8 5.351103605097582
8 5.554808890943335
8 6.007703514757932
8 5.556257495685968
8 6.154637511125181
8 6.0622030695525195
8 5.827635051105851
8 5.249653832077046
8 5.212023044174718
8 4.8536434021748915
8 5.275800694334034
8 6.511884538900797
8 6.965924964307623
8 8.09490551120097
8 8.514040192008792
8 7.985704951819811
8 9.781790397625532
8 10.812698962858795
8 12.249663343973701
8 12.706867642890133
8 12.838351902959532
8 12.6937818445285
8 11.628736315142055
8 11.731700496206123
8 12.917180751329537
8 12.831128162287039
8 12.340200374061311
8 13.196454235649089
8 12.419482096329247
8 12.062188121813875
8 11.88805444525308
8 11.805979984275307
8 12.383222032433057
8 12.531759978643805
8 13.93240704306678
8 13.951356787961585
8 14.273600419954729
8 15.207512345728842
8 15.499662230472165
8 14.496961907024014
8 13.432841214532857
8 13.161660130886878
8 10.702008466945928
8 10.052190939761912
8 6.618844282790963
8 3.968725463986882
9 -0.05959054867741473
9 1.5396164340203946
9 3.6416614569327255
9 4.200348852124665
9 5.26879613240068
9 5.300747048655467
9 6.202618725844081
9 6.778088166241335
9 5.80089222329123
9 6.535116666206608
9 7.4091432074046555
9 8.760155765185159
9 8.242046636022987
9 8.1152604735205
9 9.0452661169744
9 10.78290382294299
9 11.194034468343126
9 10.266911619030026
9 10.071568305559833
9 11.10568620409066
9 9.816114291967818
9 11.063582343075698
9 10.867166581903144
9 10.682513001765564
9 9.727221263352206
9 10.246421109871266
9 9.731632294253945
9 9.116077349890933
9 9.361850529866242
9 10.70178427490883
9 10.6609915847072
9 10.705394752814072
9 11.468490089692013
9 13.001083961968092
9 13.351383193900613
9 14.345613433923143
9 14.925901304490612
9 14.853341493070666
9 15.368080050815054
9 15.261320060780603
9 15.169471667444963
9 15.59233267058143
9 14.28197713579925
9 13.551997621585205
9 13.28630477522338
9 12.189719936626064
9 10.31059024995374
9 6.022927458399277
9 3.7035688857932634
9 -0.03192066905576496
9 -3.7236864983576474
9 -11.49230416744799
10 0.10359474468757086
10 1.225184333859014
10 2.2729536240428705
10 3.5774387132843106
10 3.319215700343422
10 3.8970938630000918
10 3.7134391488918865
10 3.337650674748688
10 3.504538857435565
10 4.647075765594473
10 5.158560529180482
10 4.422659552900134
10 3.9473985510062826
10 5.249616511520934
10 6.4592687777581475
10 7.010317026198315
10 5.998853395486729
10 7.202769692730316
10 7.653082416654511
10 8.126653081316434
10 7.85443308166171
10 8.025986046031795
10 7.562361642305275
10 6.806192335329057
10 7.309956882754933
10 7.753340791881135
10 7.679739362710579
10 7.033214885545531
10 6.704360661442539
10 7.184030581173381
10 6.779022865062924
10 6.446026416136419
10 7.365917465839893
10 7.3414773661166075
10 7.067605815895369
10 7.320948275486585
10 7.372252907045991
10 6.288219022025225
10 6.590256586003874
10 6.475133706546591
10 7.0932193897295
10 6.9981466798231615
10 7.714370537228172
10 6.879924832958168
10 7.2045576672702625
10 6.137797398901359
10 5.721998057303442
10 5.442909770684071
10 5.940271271890974
10 4.9860794367832995
10 6.170252311476416
10 6.899998295285228
10 7.167133089110623
10 7.310112517737444
10 7.254229666904601
10 7.252740553949686
10 6.924804818468931
10 6.991368325104
10 6.924109972262629
10 6.58862031035633
10 7.1349139111410835
10 6.726932907907634
10 7.2881810764303685
10 7.228469017381631
10 7.323589503506432
10 7.479989010654559
10 6.71550000395212
10 6.420143275852891
10 5.965750690797552
10 5.703095282011155
10 5.586177790035231
10 4.981934213869769
11 -0.11031369735250386
11 1.1260007953305504
11 2.086124154659148
11 3.743470668225013
11 4.420880398114503
11 4.529075125238995
11 5.3050960711908175
11 5.963294207873434
11 5.658327415646799
11 7.298398248400812
11 6.871340249884626
11 5.94187913131783
11 7.287241767897284
11 7.002448210940434
11 7.410682505901303
11 6.802515378561174
11 6.409625442840918
11 6.228124777064704
11 6.020708167715526
11 7.344873318167903
11 7.80792141498697
11 8.727611942709332
11 7.403965788925753
11 7.306396845590531
11 7.1227595236383365
11 8.267946812441085
11 8.35084880036173
11 7.05457121134122
11 7.383598446811296
11 7.680167185777319
11 8.34396219875331
11 7.93089425472873
11 9.179497726207886
11 9.820387955252235
11 9.6521728362188
11 9.1602832291245
11 9.567065803740299
11 10.372177769400245
11 10.350222603002095
11 9.797265364528355
11 9.929224358511785
11 9.493207560357842
11 9.696278056357183
11 10.65142703972726
11 10.687341961245275
11 11.623835172207972
11 11.496063341091734
11 11.363088633041913
11 11.754688043935486
11 11.183272994744765
11 10.907896042025104
11 9.810910233746377
11 9.6372846752354
11 9.766187750273591
11 7.754537056589024
11 7.054282265430649
11 6.068697442810787
11 5.143932118673504
11 3.9391101790929817
12 -0.13578500448653802
12 1.6318655286061443
12 3.5489114274812845
12 4.862837134752293
12 5.019760902227435
12 5.642573970447893
12 6.958470975180387
12 5.787379599189101
12 5.46205962468145
12 5.507786071740173
12 7.517301159452569
12 6.798836334675609
12 7.5694647474981105
12 9.150344271638708
12 10.584506610776463
12 10.312937702412173
12 11.107883546477272
12 10.235849183653894
12 11.47452022371173
12 13.02216532146527
12 14.674294989267713
12 14.531817399139834
12 15.78868281308915
12 15.128193839974925
12 15.19310427621658
12 14.977671230197721
12 14.88752876500423
12 16.324796581258937
12 18.034427816460887
12 17.07361468564762
12 16.46975780526116
12 16.79404978380443
12 17.642730694611508
12 18.607617266118442
12 18.20706963528615
12 18.599775936412403
12 18.247416187452302
12 17.795188377087715
12 14.945218072889501
12 13.669220619646653
12 10.930019122360758
12 8.151170885029199
12 6.552517116788518
12 1.2729349971923085
12 -3.5472649947941335
12 -12.061920382559016
12 -200
13 0.03682728661070688
13 1.184093376748994
13 1.7480649090403
13 2.476132581778697
13 3.5197838771017835
13 3.8496029033912906
13 4.27556925062075
13 4.100514425659342
13 4.774223850043421
13 5.449018025164204
13 5.338954786387973
13 5.581078208530489
13 6.177170724880469
13 7.088778990074083
13 6.770473402483668
13 6.243229194935855
13 5.072448516504069
13 6.664613593374436
13 6.066058203375958
13 6.2737941958639025
13 6.400541144717545
13 6.039663968535418
13 7.32283634551478
13 7.39576910496769
13 8.454789835361073
13 7.840435613210604
13 7.883973638563004
13 7.402887465794649
13 7.86867368532565
13 7.53879071256653
13 6.892561817457179
13 7.2588028528670305
13 8.281666416716961
13 8.496166124810914
13 8.262028655836199
13 8.576981268624015
13 7.892118593082413
13 8.46930192057564
13 8.340039732600074
13 7.837448592943185
13 7.15877932983126
13 7.172901936274448
13 7.227493380805696
13 6.875775763832056
13 7.5902479488065016
13 6.990868919653437
13 6.551172387661454
13 6.637128652560241
13 6.018144098127742
13 5.801863585152526
13 5.640704666418416
13 5.408757133256563
13 6.132757848602861
13 6.054354532420424
13 6.373473860062299
13 6.125587575014002
13 5.9378440377575865
13 5.442055286295269
13 5.071502231752493
13 4.668802937798948
14 0.00282773590645648
14 1.3926497912232068
14 2.073714505455409
14 2.5007238361543283
14 3.1066049165644594
14 4.210930956520555
14 4.937209759904485
14 4.8434603152937745
14 4.875320465992693
14 6.372900076965141
14 7.469563128398354
14 7.281602234102463
14 7.920645926034801
14 8.26173258855206
14 8.029343754068774
14 8.420580837444295
14 8.529350667155562
14 8.117144094922145
14 8.214880255067706
14 8.584632157142412
14 8.554933392972206
14 8.742350168299154
14 9.22780456651823
14 9.667715480968045
14 9.370549142960305
14 9.901826800926885
14 9.11279500469346
14 8.402507604396938
14 8.136968263129326
14 8.32887340513737
14 8.84432996738699
14 9.441513525172082
14 8.64125276344046
14 7.872204617843003
14 7.947781739101708
14 7.830229964500177
14 7.473714419453724
14 6.964793017863272
14 6.524709643441813
14 6.015854195273774
14 5.708718466425077
14 5.670395592898266
14 4.340648134666261
14 4.218129683183917
14 3.713213207323209
14 3.357997530960252
14 3.2936018577161867
14 2.810157427463194
14 1.7482015681053351
14 0.7202200167596846
14 0.12913969937839198
14 -1.0410318692652218
15 0.049765939494038125
15 1.142715891505165
15 2.0544980969983873
15 3.331330471038598
15 4.1017652100981685
15 3.9687905996900175
15 4.64176885106197
15 4.985970703248957
15 5.898303695168572
15 6.2697792203202605
15 6.537763699007792
15 6.2627514099927435
15 6.4548374921339455
15 6.586367549416023
15 6.852435350124593
15 6.905804120503287
15 8.401472258783324
15 9.076537265555388
15 10.018965900156104
15 10.851234534722028
15 12.196838118772229
15 12.995379284192857
15 14.788613805398795
15 15.89273795307194
15 17.025269458780844
15 17.10427597110907
15 18.256596678389744
15 17.53473752926067
15 18.174238408641326
15 19.108480408611268
15 19.559521429391616
15 18.861575254662977
15 18.918258383701946
15 19.26179993992584
15 19.907388540563794
15 20.13183821580968
15 20.368823436051553
15 20.03127247867401
15 21.7453017021462
15 22.137459375598134
15 23.54759669923964
15 22.76477629585804
15 20.836883222643998
15 18.94903811002969
15 16.874516095453927
15 15.590479987955234
15 15.63974262502029
15 16.502046549333127
15 16.268069937371294
15 14.000208616607882
15 9.541248914406527
15 5.027429032703417
15 -0.9574977885440958
16 0.0392827292178996
16 1.749835258208117
16 2.8553024380600154
16 3.5438677821235585
16 3.6649377347136003
16 3.9020968226328625
16 4.117201184417397
16 4.908525163780467
16 5.395001727542674
16 5.1782621943706
16 4.757609266877405
16 4.758741904858327
16 6.087933878714216
16 5.9279139123272
16 5.9282058405900795
16 7.692656223488024
16 8.462963645754074
16 9.153159062023205
16 10.442389691399422
16 10.226477797522026
16 9.522162146856845
16 8.740482224758724
16 8.959257645353237
16 8.079216986293583
16 7.981268045675259
16 9.762788810951692
16 9.831744935415905
16 10.41447980100032
16 10.91963751892433
16 12.139750972916968
16 12.764334973544681
16 12.65426644970822
16 12.311261979101351
16 12.47707596735444
16 13.360376939623988
16 13.28993422280186
16 13.231976322431796
16 12.965331631602014
16 13.832204988737974
16 13.337091189840775
16 12.971878540185413
16 12.415055764937408
16 13.705709646491055
16 12.94546667473529
16 12.631495597595713
16 12.328863544947488
16 11.376158227407107
16 10.248777962590275
16 8.988585403334879
16 8.030862842776305
16 7.683148000812894
16 7.503060663197498
16 7.9958931786229925
16 6.882743444702417
16 4.724307629779549
17 0.17361066995950833
17 1.3731981081833797
17 3.0059467885934046
17 4.661895327988993
17 4.095891241213625
17 4.132339005524873
17 4.052186526819445
17 4.136522760599562
17 4.047330819118429
17 4.251934936226211
17 4.439157784010172
17 4.510722585570241
17 4.8235747902461235
17 5.633226630763318
17 4.91458477799721
17 5.490009770220278
17 5.287569350811411
17 6.764783854307
17 7.518751184890685
17 7.672129818741388
17 8.332837982447046
17 8.381749456531725
17 8.397870978613922
17 8.522273957671866
17 6.993968874713878
17 7.318212385426851
17 7.3806514152638245
17 7.666340987178028
17 7.253473298189874
17 7.473518299787487
17 7.386970294675509
17 8.406475012270906
17 7.965137153370093
17 7.401658612386001
17 7.2403639164362295
17 8.431989059289606
17 8.864485042793332
17 10.04974349745961
17 10.74378263087728
17 11.055667339613855
17 10.74974941909434
17 10.44994582070814
17 10.700102915047005
17 10.930482810383918
17 11.47993411737929
17 11.09975517362158
17 10.321020735606002
17 9.42428200069778
17 8.834295153989988
17 8.22264799586559
17 8.453641490179159
17 8.394193445874105
17 7.703746109194452
17 6.8106635606104176
17 6.423570731852069
17 5.721427999565054
17 5.329481407535603
17 4.565841886286134
18 0.13611792500896763
18 1.163740439698683
18 2.1704182353828845
18 2.9706342854474896
18 3.795904026776199
18 5.2246819822792805
18 5.9748317941238085
18 7.446075921674183
18 7.119375803098932
18 7.202986702401957
18 7.5875825023815695
18 7.349920279801621
18 6.408736031590866
18 6.794421326881088
18 7.510689823883171
18 6.95323088586382
18 8.506107693284592
18 8.105228517841008
18 7.588281066936437
18 7.2586473311348
18 6.875082440517062
18 7.0808208855139725
18 7.232662754908844
18 7.608198929788151
18 7.3919549692554005
18 7.729716305886898
18 8.561490502099998
18 8.997170157628872
18 9.027700901291029
18 10.569838919282187
18 9.971046306262481
18 10.533702770361598
18 11.500016529212662
18 11.838037852859737
18 12.757451358992908
18 13.153529274166901
18 13.284748199843452
18 12.536156968296622
18 12.471648084406457
18 12.91682177216778
18 13.088536406592947
18 13.279951882663857
18 12.566476090300252
18 12.467872320732258
18 12.22555037918951
18 12.29728424490985
18 12.625629933463692
18 12.176547603399015
18 10.22854395325922
18 8.961542857870535
18 8.348836478561461
18 7.630036196761994
18 6.098952684730859
18 4.125189539006277
19 0.044238090982568
19 1.8642151928729769
19 2.3092694429359377
19 3.3015481950198167
19 2.5772290521673877
19 2.4610503333431457
19 3.579112655299655
19 3.5127491059270013
19 5.260897694730817
19 4.994816493135198
19 5.038312364563803
19 5.814587420227977
19 5.274313068508114
19 5.390189245847837
19 5.988149295626203
19 5.838688659365985
19 6.957606583795304
19 7.207103859612352
19 6.760149264182074
19 6.320023240816385
19 5.899378845661733
19 6.324005695728591
19 5.765969953135718
19 6.774788177032266
19 7.276085126880917
19 7.352551752736856
19 6.343853161516488
19 5.915892077419753
19 7.043879752219348
19 7.149558895546504
19 6.686743744984438
19 7.086516400158903
19 7.749809090963265
19 7.736020385638182
19 7.886734365643124
19 7.585562534885147
19 7.795996661000903
19 8.611407099608645
19 8.68092653384619
19 9.480192662616094
19 9.67897816597368
19 11.282385563350395
19 11.553669928203625
19 11.84939945954938
19 12.494691563167168
19 12.247164171605458
19 12.569112189835888
19 12.405739578847275
19 12.816162536071738
19 13.48883502533671
19 13.884153406215411
19 14.055214109874036
19 14.737289673256754
19 14.881305582802307
19 14.605116832876973
19 14.496408985960112
19 14.269559414803123
19 12.445810196351529
19 9.697622753604858
19 7.931927331200161
19 4.365210242900837
20 0.08676217306640398
20 1.5393132698082643
20 2.987486403035056
20 3.49253431692769
20 4.608545863376983
20 5.319818134655514
20 6.435406046195521
20 7.572640708063668
20 8.352328142401635
20 8.261531517069463
20 8.72502111273066
20 8.754673736450535
20 10.225793054967347
20 10.611805845051585
20 10.757569381179605
20 12.780791919078318
20 12.718248556192028
20 13.541357326813353
20 12.800656770295529
20 12.641410115946519
20 13.394111427714304
20 14.168496611043246
20 15.40218700337466
20 15.671393876355344
20 15.279469713169362
20 15.04014516878098
20 14.954103987976632
20 16.04627731646263
20 16.977299709464678
20 17.129770745455314
20 17.51328649147657
20 18.355773201313657
20 19.494358554969494
20 20.537462964166938
20 19.28734566151345
20 17.174232480140205
20 16.323234802590086
20 15.259573349563109
20 14.928844152881561
20 13.053638603612018
20 8.956939049047474
20 4.523972962260363
20 -2.6629151012427705
20 -8.748687446515781
20 -17.25144685421488
20 -200
21 0.03133928143827305
21 1.3205180829647614
21 2.1236465936544477
21 2.2031791708516812
21 3.288169227147379
21 4.118255803079688
21 4.761458092416367
21 5.042597503509325
21 5.1975173626839375
21 5.231724666864236
21 6.319392777303053
21 6.7046287146507835
21 7.112453179219706
21 8.091294449199825
21 9.184482400996176
21 10.385432677524674
21 11.390661163661717
21 11.61306644986262
21 12.891904585245276
21 13.05060853505888
21 12.24089439390235
21 12.741230264102876
21 12.679742824015308
21 13.29678669944181
21 13.66966742037968
21 13.989145302102399
21 14.905704778270861
21 15.276966216827491
21 14.24164243222662
21 13.889784637768523
21 14.974934918133783
21 14.383036326060783
21 13.69320581227994
21 14.430795765284628
21 14.290107022276802
21 13.91117586419559
21 13.966376466425144
21 12.75439540542182
21 13.400640082513167
21 12.469844221810881
21 12.122830691843056
21 11.52455483719287
21 11.54631633337085
21 11.415119988339715
21 10.45952524189224
21 9.250538383733556
21 8.709709386188486
21 7.753698586421656
21 6.022849929606522
21 3.336266279220009
21 0.9449925327120852
21 -2.022950335590064
22 0.11160063629252213
22 2.2325675625940202
22 3.1573482347866837
22 4.6404582073406715
22 4.399108353706469
22 3.441726052200281
22 3.7860213483678855
22 4.493684791069417
22 4.917529825537114
22 6.194031641633359
22 6.294563945726449
22 6.215648531418998
22 6.647307773005837
22 7.244388595311933
22 8.763431944144992
22 9.578130680973956
22 9.785728381307964
22 9.298603172383284
22 9.765316330280719
22 9.398816071729929
22 9.980455556477317
22 11.273660300672477
22 11.982322239632959
22 10.91548233839293
22 10.764736172588254
22 11.137740225371687
22 11.301384062900041
22 11.24963182610059
22 10.345040741791312
22 11.134048354690892
22 11.267479442838594
22 11.795714725081302
22 11.464847526385105
22 11.033146502767902
22 12.1500734793966
22 11.670548846580811
22 11.706262741095676
22 12.38637752543295
22 12.326641142128334
22 12.515004707796233
22 12.548448090180528
22 11.760149196126815
22 12.14164499594073
22 12.518376799339606
22 13.005364601552861
22 14.16515048879036
22 13.16519050634758
22 11.955284660942002
22 10.40377998160125
22 8.136525028537818
22 6.523941921091122
22 3.726537046002356
23 -0.06591502495322214
23 1.151045560332326
23 2.6700312992725967
23 3.0306361695291124
23 3.3603999989888296
23 3.320684134807612
23 3.3670753084758624
23 3.895625158488391
23 5.587275288983575
23 6.266666276926879
23 6.345401530454713
23 6.331374825154893
23 6.619576848522691
23 7.3527665236161
23 8.374895886381147
23 10.190699776279432
23 10.54182452150961
23 12.135543580755225
23 13.538533128046739
23 13.405147404024547
23 13.218198144841555
23 13.877601003227996
23 13.473098135600397
23 14.058178789633013
23 15.711582129796188
23 15.203437761795149
23 15.3708374441526
23 16.06132363850466
23 15.652491314439148
23 15.840619780945595
23 16.144704300967362
23 15.370234823747413
23 14.291026693761092
23 14.640050078908322
23 16.474197303578567
23 17.86165097976987
23 17.78072610639286
23 18.634121542739013
23 18.598216021784374
23 18.885142293429894
23 18.8972677543174
23 16.399671901906004
23 13.532174779210859
23 10.709480449707986
23 6.501920714372673
23 0.6782759003196581
23 -8.190942220913563
23 -18.52264577601782
23 -200
24 -0.00993881491335253
24 1.6483339549662843
24 2.706429651110402
24 3.804604795304308
24 4.904179875460425
24 4.195532586021714
24 4.399386419908062
24 4.187565441828028
24 3.921276902365726
24 4.3872259536066744
24 3.877122162782488
24 3.922268759242918
24 3.6483729938331195
24 3.785453113229138
24 4.361908840321491
24 4.1094146527082565
24 4.8992924569621
24 5.489285936289396
24 4.121429065217751
24 4.288530775181884
24 4.64623600511555
24 4.337550151682538
24 5.027979391175556
24 5.5893781322640645
24 5.966000111029217
24 6.4806635445008745
24 6.646721385945809
24 6.628500205971137
24 6.555233899270384
24 7.179091679541199
24 7.862999730555471
24 6.533262185463005
24 6.967349061100484
24 7.4181893382860675
24 8.360817793199843
24 8.623957462636278
24 8.240604019306339
24 8.020282471189631
24 9.88443495407568
24 9.021439460715177
24 9.05304347453822
24 9.623910981137378
24 8.911839752558308
24 9.704522101002498
24 8.685868592910593
24 9.56338347385906
24 9.249472188089037
24 9.214555765312614
24 8.84046120270914
24 8.773648752118957
24 9.295381171917503
24 10.168008497007218
24 10.530305775883917
24 11.489614810770828
24 11.093195348420009
24 10.781400648596406
24 10.498496741433748
24 10.522214592284818
24 11.506132182176744
24 11.60878888337955
24 10.562942213774683
24 8.915496000392062
24 8.287243534975213
24 6.896361466979654
24 5.069977364442286
24 1.7448057845768297
25 0.0773865937077234
25 1.5959363353555729
25 2.640628059754445
25 3.077452234922415
25 4.486792603522945
25 5.20376209217175
25 5.169267824596772
25 6.04189419613413
25 5.056823050805076
25 5.403578495733091
25 6.5236824589246005
25 6.702689355303783
25 6.003295882151975
25 5.683244389325689
25 5.758429027722508
25 5.976692908474678
25 6.470448452005599
25 7.041153978930297
25 7.60845211345227
25 7.056481355650675
25 7.61178602990242
25 8.122563840993502
25 8.526569437372682
25 8.613643903682647
25 8.030625203633845
25 8.516974260770523
25 8.533032063382235
25 7.497733756115808
25 6.963226342626238
25 6.803287583277904
25 6.58060024511742
25 8.748536518396369
25 10.542308037900144
25 10.739634584129202
25 11.92294330983541
25 12.169974839483602
25 11.920296120703263
25 11.527144698670174
25 10.773440066940104
25 10.245442974346204
25 9.615904088877526
25 9.671158548592503
25 9.627486986664316
25 9.725044187922775
25 10.091130312382393
25 10.87595510441264
25 11.48964386886044
25 11.604616078405169
25 10.44126115980295
25 9.68395808877147
25 10.050804604048228
25 9.931666877667464
25 9.506772442928984
25 9.24420455529135
25 7.675299939553699
25 6.424932072283777
25 5.179621744322375
25 3.869491099387787
26 -0.0035182945092338
26 1.453722824992514
26 3.085498605579062
26 4.119655850242215
26 5.132829888882979
26 5.783716454146322
26 5.6124687337473755
26 6.193725762113153
26 6.586126870416147
26 7.633431668045072
26 7.638836139487989
26 7.899970078569117
26 7.59030134442004
26 9.073364207650558
26 9.632737123991896
26 9.284078823751234
26 10.335924452031078
26 10.136474086541554
26 11.599907331467012
26 11.954163474398413
26 12.25552416252307
26 12.564352048432745
26 12.598982477075864
26 12.036595566360315
26 13.246657660577299
26 13.82514127890044
26 15.452261511461746
26 16.75944628906154
26 17.186258158125703
26 17.26335929016355
26 17.776716233359107
26 18.366620660832055
26 18.13538627583354
26 17.220091403847942
26 16.86200360636903
26 17.32256719802552
26 16.601724509084473
26 16.789282378814473
26 15.57661629656973
26 14.17443974806779
26 12.566206992218532
26 9.912621924393711
26 6.037486120246843
26 2.6317401795848454
26 -1.8730614879299488
26 -9.682049547243729
26 -17.613180462744623
26 -200
27 0.015756056669847463
27 1.9369000487225732
27 2.31161533332714
27 2.841847729207983
27 3.479382263971658
27 3.5012459402778857
27 4.026143687449582
27 4.318354970949971
27 5.03385080648796
27 5.240463797417475
27 4.829119559792249
27 5.488804027778473
27 5.043730118165286
27 5.801137989263498
27 6.710867794257521
27 7.68144257379227
27 8.516917448840543
27 7.7587326394676985
27 8.652203812460867
27 8.82024500139097
27 9.18841067871097
27 9.61226443116422
27 10.950524288925688
27 12.175287759244464
27 12.281747581534567
27 12.560167079065804
27 12.07826053905292
27 12.384679202122973
27 11.517510057246094
27 10.842112618368365
27 9.51681175764592
27 10.639942685828368
27 10.799001405076961
27 11.326181315444066
27 10.852643213679105
27 10.582204284365154
27 9.708070162831902
27 10.331660438856227
27 10.063094829862976
27 10.636687046913984
27 11.209686992206116
27 10.833652770406562
27 10.67225277364259
27 11.209727389039998
27 11.091248329102996
27 10.022396004210242
27 9.534867621350973
27 8.451877451654637
27 5.997844825418744
27 3.3125730687726804
27 1.4457329285186198
27 -1.3051227716983824
28 0.07324550531710942
28 1.4409991403611635
28 3.1446230385592555
28 3.937873249160201
28 4.112613535769653
28 4.037368070062066
28 3.9976816919030127
28 4.391084382517403
28 4.400660828037294
28 4.71532749826798
28 4.465015528093384
28 4.874648699562365
28 5.699609013980949
28 6.957605534296384
28 6.703087101396011
28 7.0963029677219165
28 7.978861130052009
28 7.778044046652373
28 8.290331938949874
28 8.870520236415253
28 9.252859455419959
28 8.28992445412154
28 9.887308745777597
28 9.834560628356742
28 9.564499002189457
28 10.318047437482758
28 10.228963912762968
28 9.694676393006048
28 10.478310283864138
28 11.5203283423201
28 11.8431350183964
28 11.300313539010679
28 11.942636557156584
28 12.261656070632736
28 12.690540754204134
28 12.060102534233621
28 12.407881375452956
28 12.14001129873183
28 12.083237116740063
28 11.510121297867595
28 10.415042311267001
28 10.370982806100603
28 10.221184303283106
28 9.758460809331499
28 8.681873974340217
28 7.272147562161251
28 6.5727202132918165
28 5.074001443062018
28 2.821255599297416
28 0.7048236856631007
28 -2.766964174279348
28 -7.746266714694929
29 0.1137460008501236
29 1.3747295429275896
29 2.837334539633666
29 3.3394654604665774
29 4.1741416517145735
29 4.524790810668189
29 4.58106789309738
29 4.21322411476544
29 4.14089998089306
29 5.421357314497212
29 4.764108684850547
29 5.700969418705981
29 5.364870249401027
29 6.593789182239794
29 7.947252492595769
29 7.262779993664537
29 7.915956255365204
29 8.022564569443938
29 6.612331625347931
29 6.950834589647543
29 7.427324248553921
29 7.111750730378467
29 7.341096337507252
29 7.4380227991087615
29 7.306126095393384
29 8.209247490894652
29 9.418048663036224
29 9.613402361588392
29 9.22806586720861
29 9.690322024204386
29 8.979561262315586
29 9.153583141061212
29 9.087145648085336
29 8.567956994473908
29 9.085554839341707
29 8.803505438558226
29 8.70489345263102
29 9.430921950591742
29 8.954942438539497
29 9.80816447362535
29 8.834567762793707
29 8.118927353577007
29 8.07792659165125
29 7.314901270635228
29 6.741403372105893
29 6.2349514084586115
29 5.61146757414312
29 5.6533275859706045
29 5.792831269690195
29 5.378850309160246
29 4.746880510663367
29 4.217845235162888
30 0.10152712444764327
30 1.2602074790840672
30 2.469698889533147
30 3.8393189576061975
30 4.666110170925694
30 5.551278691332335
30 6.342772201348945
30 6.2781136256379435
30 6.895552085470794
30 7.147057835915974
30 8.603685943486605
30 8.622841886271937
30 7.7317108672816195
30 8.297756884020123
30 8.558089659783489
30 7.477138100697591
30 7.49529136681147
30 8.002268716889118
30 7.953234790436593
30 7.725107524733498
30 8.352927905821765
30 9.311358867640312
30 9.286103541879118
30 9.279755008236753
30 9.717277007968297
30 8.089818816636223
30 8.191808432460125
30 7.415745356715497
30 6.978156478202336
30 8.75553464348993
30 8.562701692071172
30 9.486711579662153
30 9.975353769415268
30 9.573882850224619
30 9.713329312908773
30 9.091889973459844
30 9.207986745272006
30 9.022525247109137
30 9.487636023764
30 9.202425898387759
30 9.325727627170277
30 8.073877389546013
30 7.727386280551525
30 6.196052210453318
30 6.021329438368937
30 5.114609998234245
30 4.048761438817301
30 2.4652633121749314
30 1.4085312662186276
30 0.31999076136427185
30 -1.0270693286197439
30 -2.3994350239556095
31 0.012698453780299483
31 1.2617486635068889
31 1.8481728679258562
31 3.275827607946539
31 3.939993399554696
31 6.151492465665928
31 7.202975467382137
31 7.743481117346987
31 8.407839572274257
31 8.500771366994071
31 8.535938915571574
31 8.282858292038194
31 8.719143323335299
31 9.625286704887964
31 8.986740142695576
31 8.446493437522648
31 9.139593764302594
31 10.270159332483125
31 8.660107762159248
31 8.559546923928938
31 8.791112838957872
31 9.418401679765392
31 9.509523767551595
31 9.223238721094491
31 9.765691257234034
31 10.863129104824138
31 11.805293987843042
31 11.110719621164327
31 10.346142507602542
31 10.343109433406926
31 9.897056029872076
31 10.135257845743501
31 10.407452994994708
31 9.347635843866797
31 10.38463203931342
31 10.54756367807618
31 10.023551665359486
31 9.414879508905338
31 8.276310289843448
31 7.798204399893109
31 7.577437462284332
31 7.461529693715985
31 6.963109104060406
31 5.923518293976299
31 5.083562426932609
31 4.514743606167069
31 3.955053519078782
31 3.2136224998264087
31 2.3667768260175386
31 1.4942455447577245
31 0.28402256854385044
31 -1.5111096707777456
32 -0.041760369621386
32 1.4701265319630403
32 2.8222269035883616
32 3.2703839813545863
32 3.9424882989095096
32 4.947873947448519
32 5.159453646305193
32 5.121508343931009
32 5.451919829686149
32 5.422205590371665
32 6.633144623937348
32 8.318586900457557
32 8.59149914176644
32 7.424372972515566
32 6.964077523493423
32 6.9615940884726175
32 7.389109792843221
32 6.95533888124081
32 6.987240922657285
32 7.442635364672667
32 8.57132946584403
32 9.527366426442121
32 9.72014348826485
32 11.218609342556325
32 10.508437647431542
32 10.323722235038245
32 11.24141071451731
32 12.593431299937286
32 12.52219085566239
32 11.865428984213084
32 12.721043451390624
32 12.097324407033579
32 11.355147791063285
32 11.324738671976453
32 11.87074543291988
32 12.971238908213097
32 12.93006733769602
32 12.7759576586303
32 13.323011098049594
32 13.356493674857099
32 13.082337567547388
32 12.150577231902647
32 10.803511156884259
32 10.19514186302554
32 9.652238265736546
32 9.130673945791116
32 8.080211704344165
32 6.141255884000781
32 5.626738694076593
32 4.812510027886329
32 2.6527869333438083
32 1.5783606883760477
33 0.16954222676083794
33 1.7402254257638623
33 2.4647716771230703
33 2.3901263012703344
33 3.4540230348436065
33 4.149607595431524
33 4.820090370124031
33 5.761559395678269
33 6.599900310196529
33 7.7743938999368645
33 7.881883015809151
33 7.06478035353622
33 7.32432243586807
33 8.96441624908426
33 9.566855291079847
33 10.47169570351146
33 12.073964158619582
33 12.560886453807674
33 13.204195104916892
33 13.989876358851486
33 15.175931108635915
33 15.716327136605331
33 15.609168642929946
33 16.0479900362949
33 16.707123566276113
33 17.772162745194393
33 18.007627151161984
33 18.52020533983778
33 18.204403264983235
33 18.712445927994885
33 20.072083389651482
33 20.070835709301935
33 18.908473243667867
33 16.61090205458573
33 14.109996325587275
33 11.565902503910928
33 7.139116538936946
33 2.963139726689459
33 -2.99768736431335
33 -8.337693732344928
33 -16.0461703462736
33 -200
34 -0.11571973512632329
34 1.6375138673263079
34 2.557214834459875
34 3.2907532927955123
34 4.200712857870328
34 4.225407876975224
34 4.082885123037475
34 4.8173290457167175
34 4.814194514482942
34 5.488882433176672
34 6.6870903168893765
34 6.792193542129911
34 8.535431939534876
34 8.920531994836544
34 9.264566843139338
34 10.094018666806877
34 11.104854135382414
34 11.38503531030615
34 12.577705447741332
34 13.464915633562669
34 14.626931839285868
34 15.41185063361875
34 17.031183545234946
34 17.655346193817483
34 17.94186926207987
34 18.416522951698163
34 18.295265641985345
34 18.982740277817403
34 19.069744434150522
34 18.29404938433762
34 18.19988345179214
34 19.054288001648985
34 19.027338491634783
34 19.636979083061497
34 20.092093766526943
34 20.21380623905678
34 19.92998266878843
34 17.68445466939367
34 15.025749862659232
34 13.248807795693665
34 10.289372059581407
34 3.7812424738208357
34 -4.578100999000284
34 -9.33075395457982
34 -18.348505511803406
34 -200
35 0.0242362191491272
35 1.280703426479537
35 2.174375673728873
35 2.306069566699142
35 3.935669106185518
35 3.5144326255715805
35 3.717786679180511
35 3.4508868424944272
35 3.705372589112453
35 4.662919885940884
35 3.6308128163882127
35 4.096406980584563
35 4.59801787029654
35 5.905453410784269
35 6.090433183842267
35 6.186092211377607
35 6.392164069188654
35 6.246530419692116
35 7.342489105977648
35 7.307693027768369
35 6.7560759717864585
35 7.026187492733977
35 6.359435051296196
35 6.536338908204828
35 6.664829101922241
35 6.64346146927841
35 6.654704695277588
35 6.53624562414339
35 7.289733666317428
35 7.3701369752036525
35 7.930291537191513
35 8.295420174031753
35 7.455018620312682
35 6.416356671382096
35 7.155119106915027
35 7.552120844719869
35 7.551076990722153
35 6.813931054702146
35 6.584954236917331
35 7.136261181870408
35 5.976555820234002
35 6.079973090790402
35 6.180386676295135
35 6.873267170196792
35 7.185601829404784
35 6.811010508679486
35 7.17285292290285
35 8.038526104912398
35 8.060418400447508
35 8.788310389632732
35 8.260161640822021
35 7.521253396602794
35 7.712768250941537
35 7.777657331116917
35 7.338339920818743
35 6.200632683995829
35 5.373409462848086
35 4.770307673199584
36 0.03684978083213601
36 1.3687694727821687
36 1.8923797253764507
36 2.645904944017745
36 3.1223221717154335
36 3.7566323709014506
36 4.770596910864983
36 5.549683687386753
36 6.445078682820552
36 7.348900412567243
36 7.500654801215579
36 8.255105034061796
36 8.09550646875884
36 8.555973291232348
36 9.132684976218183
36 9.496078334603704
36 10.879589001947393
36 10.32973669140757
36 10.60231541981932
36 11.423605684045617
36 12.530927607530877
36 12.55093871746217
36 12.048433139403881
36 11.397501456178341
36 12.231349100995393
36 12.533917045459258
36 12.238602586785795
36 13.114311771255533
36 15.589503687669293
36 15.124997742527793
36 14.337758498133816
36 15.615258292732143
36 15.45263603367519
36 15.872348427219784
36 16.003150190212416
36 15.536176493414994
36 14.34956081674991
36 14.573552207562107
36 14.583422211240727
36 12.972165292298756
36 11.407456611114993
36 10.900651928962505
36 10.456569833813187
36 9.744866465653189
36 8.803623428851832
36 8.414789785978844
36 6.387438658579235
36 4.039043816408615
36 1.6344485656388947
36 -0.5031295996159315
36 -2.861557639774663
36 -4.996515509860814
37 0.02683403317350771
37 1.8179320343301817
37 2.809746357517844
37 3.1911569311135852
37 3.347404263477352
37 3.9595539957455603
37 4.288353411385288
37 4.043399838372028
37 3.9257207112494914
37 3.55065671648212
37 4.246218790264304
37 4.7700578788046535
37 5.6727036723031805
37 6.802741153823768
37 6.6588644373488055
37 7.215517002075061
37 6.722514534000807
37 7.339525071406522
37 8.36956207230834
37 7.224841468541815
37 6.882826198599655
37 7.314435580025562
37 7.899230811168116
37 8.046892349960807
37 8.20324181911485
37 8.232446923759548
37 8.461595621228964
37 7.693603538692072
37 9.017248777985195
37 9.378267339861212
37 10.367147147662298
37 10.534770269222562
37 9.904430705836324
37 10.18018528497641
37 9.666355176178625
37 10.036543160858914
37 10.28833705362762
37 9.847136345791192
37 10.079970255358774
37 10.544999038013962
37 10.756288548043463
37 10.80159568672309
37 10.89722708063941
37 10.776612521876695
37 12.098002159479254
37 12.568983486977372
37 12.10454594489837
37 11.413261872577536
37 11.469178230579939
37 12.602095146322117
37 11.470770119040965
37 10.69851530492788
37 10.413796060173524
37 10.404298271867045
37 10.489374228401964
37 10.627833341519015
37 9.234471971521884
37 7.815071087076825
37 6.8255756980249185
37 5.531429050563943
37 3.5513584570590506
38 -0.0862910033775054
38 1.1949643775170227
38 2.712435397803857
38 3.4076652983081943
38 3.8133135092908046
38 5.79386548871802
38 6.715219465881327
38 7.149300402469195
38 7.516606017125408
38 7.783057592783178
38 8.049223693565239
38 8.066785670422606
38 7.553157097384032
38 9.068513332771992
38 9.037139728745885
38 9.814210878965548
38 9.155420303571185
38 9.559926101838244
38 10.3481071398657
38 11.606253983031575
38 11.029158993127067
38 11.247180673766122
38 11.637220480080039
38 11.352757859062082
38 11.026231395989317
38 11.022365780881287
38 11.365685741927598
38 11.777700215153455
38 12.508650262640808
38 12.195459922368995
38 12.175307063452282
38 11.558357017384306
38 10.801870390906636
38 10.98237410432833
38 10.9644987652055
38 10.746853168237383
38 11.371725210128968
38 9.712923846772302
38 8.747701867028951
38 8.943839016359952
38 9.769434034345501
38 9.27372967700451
38 9.447834319785441
38 9.001358418355089
38 8.098482338779851
38 6.786927332974061
38 5.663492140249977
38 4.689623491971483
38 3.7820009857988754
38 2.8633011903169834
38 1.8523025584960493
38 0.448547673882171
39 0.16755496952807672
39 1.5315406971568266
39 2.3941864599664164
39 3.8058116694909483
39 4.278417035978334
39 4.5029635329540785
39 4.658202796807552
39 4.456840486406028
39 5.02070304835805
39 5.178276274734685
39 5.2511742857920245
39 4.577108721419388
39 4.4787919727268966
39 5.437427907566116
39 6.348822685768888
39 6.943167655045415
39 8.016746785535098
39 8.06457192218401
39 8.151113087845152
39 8.688826293242858
39 9.323076690672165
39 9.765369787742106
39 10.176581382941386
39 10.817086034314958
39 13.15538701257311
39 12.459903043127166
39 13.596977070663712
39 14.560482440011437
39 14.754762304329917
39 15.50168364257312
39 17.634266341400632
39 18.034892492577672
39 18.4286127167966
39 18.452312230090147
39 20.22048567954447
39 21.71093313356606
39 23.44478926115112
39 23.743467787834117
39 24.981014291702948
39 24.374905537974435
39 23.98882265077223
39 20.662145148025623
39 17.931752735062155
39 16.128391118983593
39 14.090719922737096
39 11.694128769241214
39 9.800360262003238
39 6.9266807343087216
39 2.844193242926785
39 -1.034063265190241
39 -4.1567519049092425
39 -12.688761187404332
40 0.11460040897090891
40 1.773983370777821
40 2.627257184788226
40 3.0635874443318274
40 4.108265598768284
40 5.520155360435608
40 4.880558377192214
40 5.756077213828116
40 5.359209068058558
40 5.083636336511673
40 5.743948119036531
40 6.007313333982239
40 7.3862274094984395
40 7.686135915671981
40 9.00169911848258
40 8.99464997430656
40 8.121098823991499
40 8.422401759840819
40 7.567262589678607
40 8.77034962487582
40 10.497763199795099
40 10.794294572074733
40 11.168406616042619
40 11.742577888563726
40 11.342383062700272
40 11.558983314784259
40 12.431981706388274
40 13.084825872619092
40 14.02582591570671
40 13.897364940624673
40 14.33283447665835
40 14.782372798919637
40 15.057855200378832
40 14.11803713417018
40 15.17004435660943
40 16.000475735641533
40 16.78983221251398
40 17.689368023186557
40 17.764062678929626
40 18.171748495401694
40 19.363044971088428
40 18.966929593488786
40 18.96425181183602
40 18.259887277214176
40 15.219924130322251
40 13.132710540246435
40 12.71752308877479
40 8.4675389830753
40 4.856077585132709
40 -0.3376801027432421
40 -7.2138335242035865
40 -11.58399385742785
41 -0.003660607882341754
41 1.144641440277462
41 2.25469099665627
41 3.7100530848839517
41 4.133368501090555
41 4.136983945093676
41 5.157993270818277
41 5.72297704211009
41 6.0616388459142065
41 6.090892806330062
41 6.634294512679584
41 7.976850124927379
41 9.047100596526693
41 9.057494465117072
41 9.641263894461275
41 9.353378804605786
41 8.127070912140512
41 8.260998482420709
41 8.19527722816868
41 9.338078117498888
41 8.550850802960886
41 9.595887793292334
41 10.421879261405966
41 9.578679103099734
41 9.635593442801309
41 10.21639867515712
41 10.464088008314246
41 10.996877553727591
41 11.044372065799562
41 10.197461093861687
41 9.598504617233303
41 9.933318028385873
41 9.600599942969591
41 8.661426109270836
41 9.0274952381967
41 9.65283429159703
41 10.11274690719894
41 9.822685617899433
41 9.760944755883452
41 10.47480360681661
41 10.825995145871302
41 10.283671478008415
41 8.819031619197903
41 8.609119496515143
41 8.6034451424862
41 8.147539053961635
41 7.854263230760068
41 6.842456376170178
41 6.230147971548549
41 5.137846576604854
41 4.089056424045777
41 3.010430888907834
42 -0.0333000952841336
42 1.2700250316442658
42 2.38862343151646
42 2.779182382753603
42 4.085110166075292
42 5.596715897654383
42 6.412625383714827
42 6.698271749534788
42 7.6756739260687095
42 7.738348896675624
42 8.27084122708338
42 7.79504834347675
42 7.87945130303758
42 8.843713154425252
42 8.477070253410863
42 8.21161852494417
42 7.98777050647294
42 8.635904807451652
42 9.033103049013304
42 8.335114711562648
42 8.636784141530867
42 8.97565086496296
42 9.242093546600465
42 10.018953909212787
42 10.12571330080399
42 10.505498976322382
42 11.128354628522445
42 10.856192025386322
42 12.383711429411143
42 13.42878496575982
42 13.80538997793065
42 13.350645031499521
42 14.291257659871764
42 15.37650582620315
42 14.148020600554762
42 13.004238191198645
42 12.407063002404406
42 12.492758916477403
42 11.862627816193442
42 11.737741065304268
42 10.979410815836324
42 11.76940651447106
42 10.920817936713153
42 9.496873349865245
42 7.785195614745245
42 5.636207563730398
42 3.237713253590904
42 1.5299853636587812
42 -3.18032405343369
42 -7.037312588230787
42 -12.718442158852913
42 -200
43 -0.021670842788972074
43 1.4004823302757698
43 2.2515766436721982
43 2.9195094121851795
43 4.143656434301852
43 4.165788922465172
43 4.651204868979481
43 5.193896059406158
43 4.756240970179067
43 4.936792836973031
43 5.02472344750299
43 5.3474703513737145
43 5.109013601464617
43 4.083316648399769
43 4.06117265946535
43 4.998829938195612
43 5.907193827925977
43 7.215764828025159
43 7.280022319125182
43 8.132399470948481
43 7.598783020337802
43 7.3838421002025365
43 8.915544514767232
43 8.756356153109389
43 8.696376311252227
43 8.87706935140721
43 8.30161795784388
43 8.815430490812075
43 9.333757583877397
43 8.692051292824313
43 9.451771987843731
43 9.729204155082929
43 9.172292565479557
43 8.912122985075271
43 8.776700527300827
43 9.068750555386108
43 9.646740755150473
43 10.190873729405542
43 10.75423906172438
43 10.734832024859228
43 10.163625922094603
43 11.437125596842309
43 10.161272032517335
43 9.499200663336088
43 10.34932105370925
43 10.433180645318346
43 10.759392374444861
43 9.852604158907855
43 10.160462794928904
43 9.39101184094864
43 10.091283449547943
43 9.549940756563263
43 9.891435863111145
43 9.174511541358664
43 8.659429657567676
43 7.269281135815668
43 6.3397864272432445
43 5.879178612985275
43 5.229216398045965
43 4.22525433355027
44 -0.04463302381451545
44 1.1383368983770892
44 2.678068184267448
44 4.60949293842725
44 6.578745711632581
44 6.858691482826551
44 8.06316334485596
44 7.204452711636222
44 6.734803943423332
44 8.088164814633704
44 8.730316917896982
44 7.699546132520096
44 7.7461255705249075
44 6.727036302185516
44 7.099726684360681
44 6.869516934797484
44 7.013652816089783
44 7.890127804914686
44 7.5919938063379515
44 8.139927159905978
44 8.315702391624281
44 7.875490602901292
44 9.167831746030387
44 10.775870140728786
44 10.68059125855603
44 11.127615773840578
44 10.928111989965547
44 10.718982476151416
44 10.535872301463792
44 11.216463741622746
44 10.833621731359191
44 11.711843498185567
44 11.857109292225868
44 12.786986071058625
44 12.1171740790836
44 13.475082031148185
44 13.22092664190128
44 11.815386700146608
44 12.79924672307351
44 12.196078604470017
44 12.617863627459684
44 11.538172364798678
44 11.019962801129434
44 10.119773031978665
44 9.817176992053176
44 9.146211082617125
44 8.563878081311476
44 7.858814399085887
44 6.5208093155971145
44 4.46197885550332
44 2.253416558236353
44 0.30758526086463434
45 0.09307136550843491
45 1.2166805914768093
45 2.909227522075653
45 3.6606627613943563
45 4.959354417615835
45 4.536177317832838
45 5.415889825419895
45 6.423104607934813
45 5.755848690765542
45 7.590747281510327
45 7.057564468450473
45 8.077997816523556
45 9.851463054302583
45 7.569192146420093
45 7.609838488742574
45 8.256583327531805
45 9.44199598620797
45 8.287795042523403
45 7.825970513532151
45 7.225107015087714
45 8.761771969097833
45 8.234591577646665
45 9.004314070978719
45 9.118593033922247
45 9.661921713863762
45 9.058009226417955
45 9.238300740469253
45 8.809269126402253
45 9.45579589800269
45 9.5570537030464
45 10.287781729676698
45 10.540709822279846
45 10.835079020712183
45 11.873376945745935
45 12.80778073051233
45 14.409101551192892
45 14.546357908240157
45 14.217840313731362
45 15.35672222577335
45 15.073383802399213
45 14.475714076524605
45 13.609817811903884
45 12.797091945386068
45 12.595184826078505
45 13.415988214142455
45 11.711269509457294
45 11.362766769883264
45 10.148105084028595
45 8.360358985654823
45 5.797795331874315
45 4.642573928099752
45 2.8974841945760232
46 -0.07219026471171207
46 0.8198598473318047
46 2.200662544351428
46 2.7741468645086966
46 4.345952763290812
46 3.6695006941103014
46 3.8616170529251703
46 4.160271237363509
46 4.312857567299374
46 5.16677986421293
46 4.762592660527967
46 5.744915325938222
46 5.3149392479307265
46 4.861161441801854
46 5.080361341041402
46 5.500253311439712
46 4.9775397058150235
46 4.4469609604897995
46 4.7525073172736105
46 5.349190870400055
46 5.222199554342328
46 5.401864704545394
46 4.729159807401124
46 6.499395469022338
46 6.32447192874753
46 7.391461432700744
46 8.38991225278431
46 8.523725298236641
46 9.48010145560978
46 9.902623738240267
46 10.970008925119794
46 10.666761732051027
46 11.722785929105987
46 9.912069199026329
46 10.816872436985442
46 10.18449675945544
46 10.443876418228863
46 10.642422405415289
46 11.018328722772388
46 10.489206717422455
46 9.304533435611031
46 7.832609529240293
46 6.958932703908764
46 5.59897366185503
46 4.269224470664399
46 2.806370770387714
46 1.8189583603187742
46 -0.6008410194175795
46 -2.8330034124005365
46 -6.153894855351208
46 -9.611911106603277
46 -14.427833001435083
47 -0.04297070753544647
47 1.634233710495093
47 2.8078606981354803
47 2.5310695185284136
47 3.0834218724289215
47 3.995079897807587
47 4.0851931096664975
47 4.711656931954206
47 6.219870765761855
47 6.701210094778996
47 7.053703446938069
47 6.980663627913176
47 8.308330775373246
47 8.636349280520655
47 9.152211022407842
47 10.634800845057383
47 11.450634211503282
47 11.884879461153336
47 11.588649170439606
47 11.616853837344987
47 12.161501714635522
47 12.53612970795992
47 12.093726654211165
47 12.733608230892871
47 12.289174832725768
47 11.470191677777876
47 12.318843531522752
47 12.570331812460278
47 11.58700147507205
47 11.41389818811681
47 11.935656177418037
47 11.538639545680656
47 10.286208286514626
47 9.307714346125135
47 9.036647187765059
47 8.127428075626792
47 5.995508685783758
47 3.874698343091721
47 2.526834375013694
47 -0.07097867431153304
47 -2.7670315903732323
47 -3.983731755738077
47 -7.368120881450945
47 -12.133377547896185
47 -200
48 0.1326789212088571
48 1.3570389596790813
48 3.336869826627686
48 3.499534253150976
48 3.3385879363872433
48 4.169927690446404
48 3.682676396246383
48 4.608122676944359
48 4.241655330166203
48 5.602222414683143
48 7.0972094761725835
48 8.058189409459645
48 8.835335374808722
48 9.413137022504227
48 9.266089196212205
48 9.15842861039838
48 9.06040735395061
48 7.759078232634041
48 8.39115827921372
48 7.508912498880618
48 7.446994497386104
48 8.737351834147937
48 8.757520412414504
48 8.046196643432332
48 7.78221838905783
48 7.419206183492327
48 8.371603500093174
48 10.4119041143385
48 10.260038629517846
48 10.484923340515982
48 11.538774529114477
48 11.406813044824627
48 12.742929245355752
48 11.179244648640037
48 10.288001853264978
48 10.757095641100282
48 10.190305112179193
48 10.151849899952744
48 10.674279331806702
48 10.004741527851436
48 9.996323226807467
48 10.045348934004233
48 9.846617550021888
48 9.551772257246284
48 9.102006152603153
48 9.512175629106288
48 8.603857486037828
48 7.478984969474666
48 6.943529933056656
48 6.1262779811016
48 4.80190697585337
48 3.99389652110294
49 -0.04702004738973945
49 1.4167714008744836
49 2.3600373306704485
49 3.434782838234714
49 3.654372896813201
49 4.153690022180029
49 4.755175867452178
49 5.206792456734093
49 5.828560716246976
49 7.396206452899743
49 7.013005861292543
49 7.996757095732991
49 8.788169714234312
49 10.03461261641968
49 11.823936763398846
49 11.177454017078134
49 10.71272844774799
49 10.222246665769411
49 9.403678028142185
49 8.826439359890975
49 9.845356755039967
49 9.74782989341444
49 11.081908465227746
49 11.652777991550419
49 13.48443155551196
49 14.892647476618286
49 13.708802501816908
49 14.555609327145923
49 15.423522831022398
49 14.228699967657185
49 14.85694957152269
49 14.738179280723093
49 14.215069870756478
49 11.96333810311091
49 11.859923929795805
49 10.981201977944375
49 11.908440761775722
49 10.534050272127892
49 10.610454398613111
49 11.209548521718325
49 10.076081594784915
49 8.839932742851051
49 7.944506020701521
49 7.778189038959562
49 7.261960285045349
49 6.052388865030519
49 4.2499703727679545
49 2.108924045877572
49 -1.370795764550838
49 -4.99343015963073
49 -6.858110739644797
49 -9.90708272524179
50 -0.0003849745957487506
50 1.084835363189679
50 2.242831009521774
50 2.3783808353689606
50 3.2923629888573203
50 3.881957130233732
50 5.193977679549396
50 6.567626393917895
50 5.94940955294244
50 7.142765077360222
50 7.726344239508106
50 9.475206257007807
50 10.22211779491468
50 9.404765713887171
50 9.71416243100478
50 9.316758019673072
50 9.165625367173355
50 9.74843428785743
50 8.774975660393853
50 9.974285193688575
50 9.85880445757655
50 9.31821773168338
50 9.095403072052354
50 10.609447383652121
50 10.808723443554571
50 11.896365861754369
50 11.2780281706517
50 10.471602450579153
50 11.576236019186823
50 10.934648834877668
50 11.039418930559863
50 10.835116690130448
50 9.678217553511578
50 9.179677164258072
50 9.255950264431977
50 8.480030235200882
50 7.437115759241836
50 7.249138005994951
50 7.264131459417424
50 7.366629677453256
50 7.325937063446633
50 7.186321248522745
50 7.173812565994998
50 6.033358978008169
50 4.992805042714414
50 3.386832492310244
50 1.810509979438546
50 0.21429423784952917
50 -2.707918792825595
50 -5.695562975044183
50 -9.258070821399446
50 -13.4614326778999
51 -0.024873113945163488
51 1.0369029536602117
51 2.350576115743502
51 3.889803643473577
51 4.79226870112776
51 4.804660918760169
51 4.4797016823528555
51 5.7293562963791835
51 5.129918176733984
51 5.5185126922438705
51 6.408888482193593
51 6.508547521342976
51 6.736269332467437
51 7.269788057711712
51 7.844543048565498
51 7.73827859153048
51 7.873434857416594
51 8.938923560132901
51 9.836715984695937
51 9.619902588847358
51 10.323208432536639
51 10.460420411101973
51 10.94999835963559
51 10.905966836418342
51 10.199829262093962
51 10.53480098450923
51 10.800913754369763
51 10.921998254996495
51 11.13025935373083
51 10.56853322541689
51 9.680341337148885
51 10.296343102468338
51 10.329889906331111
51 11.017042517098714
51 10.407367646226389
51 10.954117123328587
51 10.552375706220543
51 9.895156796253534
51 10.607712768971185
51 10.319363833613197
51 9.453173793474539
51 7.611173863862513
51 5.384472935419778
51 1.8053920250146653
51 -1.6036013900360402
51 -5.372640174498542
51 -11.029836618078605
51 -16.08363778739378
51 -200
52 -0.19063565829656914
52 1.120325039719304
52 1.8587970615655887
52 2.279233070068199
52 3.47637204107322
52 3.874053790030861
52 3.899753538470645
52 4.906963234463209
52 5.740402979552187
52 6.898876829036937
52 8.410515324694328
52 7.650003119517727
52 7.696205141367613
52 7.706171587824607
52 8.295148156189969
52 8.791992987446593
52 9.829970360048497
52 9.36363495826224
52 8.825410930625234
52 8.642653455070473
52 8.366848038505983
52 9.584457580062029
52 9.240964391475282
52 9.57140994519714
52 8.823946961781466
52 9.636762755549565
52 10.547576997555703
52 9.71383500476855
52 10.703613912103872
52 11.43574211019109
52 11.198264218595448
52 11.716952889450628
52 10.788801701464086
52 10.326438508896318
52 10.225090313564024
52 10.507060780783638
52 9.922871571821261
52 9.477340780013996
52 9.538360801845524
52 9.431932970269424
52 9.93398201638891
52 8.737398280948913
52 8.438855864949069
52 7.559557386607662
52 7.2076113467552165
52 6.949754630052296
52 6.297792991439778
52 6.027241108392362
52 5.505807766575796
52 3.461946739309697
52 2.497796901952194
52 0.6082197293982254
53 0.04442165074604355
53 1.5294979626668475
53 2.9560520623508646
53 3.3455597061762266
53 4.114928703022436
53 5.0310080822013905
53 4.938960054941968
53 5.069512259310565
53 4.81270034986844
53 4.635880951056721
53 5.121095893241342
53 6.209281114616486
53 6.297336851082255
53 6.889577329282911
53 6.5961311532528715
53 6.6269104396533836
53 7.199291288974068
53 7.671553293328959
53 7.050250279740451
53 8.032757974495512
53 9.059636534788659
53 9.055178803649113
53 8.7390302489962
53 8.8181490108149
53 10.045691858698868
53 11.024361513131991
53 10.428238657657465
53 10.243156081049458
53 10.889374570316456
53 10.73894215553381
53 12.07904880316373
53 12.173809973868115
53 13.684793393032807
53 13.94365500572414
53 14.213388125015186
53 15.159947036171957
53 15.101304598981603
53 14.850432977813401
53 14.453909678987733
53 14.375429746322347
53 14.758735873792565
53 13.096220330522078
53 12.845225210072233
53 11.798464913718206
53 11.193351897936983
53 10.002075164463912
53 10.21151884082596
53 9.818734510672495
53 9.780695061890208
53 9.820102389852792
53 10.01505084760459
53 10.340645867726714
53 8.597560971057646
53 7.428246058130961
53 6.205795626585154
53 3.7417193453242064
54 -0.05728500034172853
54 1.3365604833201659
54 2.213054006736442
54 1.81308477601741
54 2.175854717448178
54 3.199313678444546
54 3.7412884813941045
54 5.103826450664272
54 5.948532130776242
54 7.556839063484804
54 6.983249532966741
54 7.3026731297724385
54 7.2805196287276
54 7.528190126743412
54 7.3615881562764365
54 7.738846206400536
54 8.363246883066514
54 9.129028692203866
54 9.465040156946495
54 9.353293126155195
54 8.683423567257597
54 8.57490416823115
54 6.66925239756204
54 7.427037740852833
54 7.849525904886688
54 8.298124970084931
54 8.659266439136289
54 7.900992113903056
54 8.94608515497609
54 9.648048882013974
54 10.022013154482663
54 10.212224203517106
54 10.783695250858287
54 12.306342948197592
54 12.946060213524358
54 12.933362535139992
54 12.65613450211282
54 13.004913192373117
54 12.494295468231126
54 13.23699596833821
54 13.166873328755315
54 13.530611268041362
54 13.95514643054241
54 13.272868643296812
54 11.79024491243521
54 10.796270952881137
54 9.094290420438908
54 8.139676475821807
54 5.858282516656271
54 2.5956386540181313
54 -1.2229760432838575
54 -4.617969195133259
55 0.10623839496942818
55 1.5387539974878806
55 2.6284483019348235
55 3.7032830402797132
55 3.5937398142966184
55 3.417450238560831
55 4.066767152689023
55 5.6077745512367505
55 6.218043631395317
55 6.397365050152958
55 5.939582080418641
55 6.029716482128869
55 5.5625297385479895
55 7.236473149011633
55 7.460834001335456
55 8.03558985551943
55 9.411589455447217
55 8.565209606169274
55 8.353752733146708
55 9.134749714333656
55 8.515182062283785
55 9.812964794299152
55 8.727516044875012
55 6.8126349201074285
55 6.742577001843408
55 7.931875570690341
55 8.277315029162066
55 8.547140524676255
55 8.326849822866782
55 8.106174062960813
55 8.310454867383807
55 8.776381027708808
55 9.200990424703646
55 8.930686109071102
55 9.02981199994771
55 9.295702668979184
55 9.580709843323888
55 9.666615784792112
55 9.277771312702566
55 9.846141812904015
55 9.316531766720164
55 9.44731982215099
55 10.311257036834606
55 10.385041538051054
55 10.409537339786619
55 10.672434112605933
55 10.217171316502375
55 11.674199619952123
55 11.685994910597472
55 10.997773083156922
55 10.800772660375621
55 9.81118366825924
55 9.968085843975995
55 9.495853509419895
55 9.130954597355203
55 8.668330050885741
55 8.041174941952304
55 6.762247251927411
55 5.825662952783912
55 4.03296132204358
56 0.05005915720998695
56 1.6219660295216114
56 2.9808658912319324
56 3.390141469019517
56 4.657611950850012
56 5.773087658897483
56 6.763529527592637
56 8.049479526879004
56 9.14087588852967
56 9.248484905919206
56 9.725778082314221
56 10.109807735367204
56 11.556240660111024
56 12.2815155048841
56 12.611041540371644
56 11.27549984403597
56 10.753150381535875
56 11.773800037580653
56 11.39243635282344
56 12.08425524528189
56 12.367265682714553
56 12.319665812954584
56 12.12109068081888
56 11.723053274153877
56 10.299342031358535
56 10.532294619410944
56 10.909548730223086
56 11.624634008077896
56 10.934591829435089
56 11.184214958866617
56 10.507080503510412
56 10.434086479975889
56 9.814146499091997
56 9.890320169691654
56 9.734283525254366
56 9.729504665189282
56 10.946355550159211
56 11.825026558580012
56 11.898391192285318
56 11.823741653730494
56 10.506169891295881
56 8.311484216334787
56 5.651586894254926
56 3.2966691706021045
56 0.9886005592233431
56 -1.5484977466660155
56 -6.551447884270637
56 -11.383217037896717
56 -200
57 -0.0004241970011056699
57 1.4784640719635929
57 3.016364326593199
57 3.085423961892703
57 3.6466643860199324
57 3.340140075904388
57 4.380588408293595
57 5.307884564817876
57 5.046759996416785
57 6.539024597318319
57 6.838559476901267
57 8.16588065878245
57 6.948077025913112
57 6.652935583333157
57 6.977014315129694
57 6.702422886031321
57 6.454895038418946
57 6.5916112066216925
57 7.62512886004186
57 6.620099910436007
57 7.04866517951278
57 7.407961081456078
57 6.817186776528036
57 8.493284255612075
57 8.874244064401243
57 9.14198007840997
57 9.44996284738393
57 10.926593627677526
57 11.768829009327211
57 11.07923967480577
57 10.86123658753618
57 10.737451678635384
57 11.247052184255796
57 11.731008600543921
57 11.48278690036911
57 11.141900338134787
57 10.743652938015305
57 10.796811481838557
57 10.025852214396442
57 9.767712880025286
57 9.237730268377208
57 8.796272905777254
57 8.216226631962238
57 6.708932272103253
57 6.0237593785831915
57 5.118005036631448
57 3.632276203113612
57 2.0654126659509835
57 -1.5228197960823273
57 -3.7579049476261375
57 -6.968434498841251
57 -11.88966316185882
58 -0.007680971367299238
58 1.7347838975002792
58 2.8234315009045794
58 2.905169167090912
58 4.387976529729918
58 4.560394298560874
58 5.177212229974403
58 6.486624674094681
58 7.2112609672934145
58 7.7170269062840555
58 8.020815469937164
58 7.67794997738583
58 8.604017120437202
58 9.379965281979414
58 10.207558765676655
58 10.426357863651816
58 10.838261931835323
58 11.614546503819424
58 11.35603407851719
58 11.236884068702524
58 10.208734928779936
58 10.1643440000274
58 10.448349369111947
58 10.689142834349061
58 11.089409963737143
58 11.715417415335356
58 10.339404111812744
58 9.363103298640679
58 8.753544932806678
58 9.755480019176435
58 9.331377438458789
58 8.724964438708607
58 9.045253923840258
58 8.846034861520748
58 7.9681840208659285
58 7.816179639817064
58 8.43053406867858
58 7.738634044831994
58 7.568960185435934
58 7.334531191054239
58 7.2360777195646575
58 7.254532520076099
58 7.340040211571388
58 6.641403712675027
58 6.268007574554944
58 6.355958444424501
58 5.687049460314966
58 5.465956348528369
58 4.5914633454964395
58 3.8995093948852606
58 3.6346174806899096
58 2.611930846377252
59 0.01716826306863174
59 1.5370223985838922
59 1.9060391623032393
59 3.077905023694475
59 4.032834033818495
59 5.284765365821016
59 5.294509655448309
59 6.245093269708185
59 5.939117743567154
59 5.913882761106065
59 5.259176555873248
59 5.213433077251798
59 6.047406690373325
59 7.167966968283382
59 7.278401887365409
59 7.378391805863398
59 7.92324516826212
59 7.996573422581067
59 7.085147534683992
59 7.276720539643463
59 7.115496410464379
59 6.03643924507118
59 6.591341087892966
59 6.942202425683684
59 7.324239491895973
59 6.025729088891301
59 6.420511061076406
59 5.9478458967580545
59 5.844401097974787
59 5.565702752984551
59 6.235018123664985
59 7.361244143949233
59 7.735395924075658
59 9.070348752059878
59 8.67746238072216
59 9.647730678577966
59 9.604880779126981
59 10.054480513139831
59 10.401294475025182
59 9.809633118201335
59 9.624970911300036
59 9.267432402389915
59 8.973309944176883
59 8.927340924321987
59 8.325569354083575
59 7.775659439463093
59 7.212062954063505
59 6.819053323247198
59 7.061823374719238
59 6.658292075129079
59 6.914295078499612
59 5.638992697030277
59 4.734009923826438
60 0.001710705669167404
60 1.3181011561158669
60 2.045981379923179
60 3.8318757762623665
60 3.458464397408672
60 4.112590401997268
60 4.974674677037926
60 4.580157310789119
