0 -0.06300641536935855
0 1.3634330194095365
0 2.9144177170730843
0 4.52864098020133
0 5.398190694007556
0 6.919624889990614
0 7.904761539983555
0 10.149325613640087
0 12.035804014425485
0 12.644275182816212
0 13.508886042690335
0 13.74017820083648
0 13.464742689943401
0 13.084398774667722
0 11.936550650475962
0 11.140626182626228
0 11.28428073427931
0 5.488467877234569
0 -0.4092860948999011
0 -4.926493415539952
0 -18.877109926167638
0 -200
1 0.051750813639912865
1 1.2325104571223136
1 2.978867190228254
1 4.538332788620623
1 6.282738005843779
1 7.427140553157107
1 9.42324999975979
1 10.590208441800735
1 12.466123162780512
1 14.71260234398092
1 16.225176327535884
1 16.885447784078803
1 16.38527498772928
1 16.169166839351384
1 12.23655825458816
1 10.232899616740681
1 3.772593352192537
1 -7.698153676027395
1 -12.943390051084101
1 -15.448389960092644
1 -16.164375683604078
1 -200
2 0.0854424985966874
2 1.9055222566639407
2 3.79665629635812
2 5.312986230496663
2 6.92419719494271
2 8.00856626507282
2 9.290996384085357
2 10.655227577588155
2 11.3046641960754
2 11.297228060795096
2 10.473637010096386
2 9.651896819589735
2 8.07337495824634
2 5.469918128677579
2 0.25148272978970887
2 -9.65894079835385
2 -19.72685850618323
2 -25.351104576464884
2 -200
3 0.07993241715372233
3 1.4662593892969236
3 3.139714359549214
3 4.469435511820942
3 5.949868261525251
3 7.099767709143425
3 8.753955925966885
3 9.886875832317559
3 10.310680656892533
3 10.804684474693028
3 10.398153259538462
3 10.754504981605901
3 11.809471251751377
3 10.398558075750973
3 7.890932412735508
3 5.108676878382473
3 0.850867040464129
3 -4.237708881786935
3 -9.232929671988018
3 -20.86980318975719
3 -200
4 -0.07060078669250713
4 1.8518876256613563
4 3.3028888955322238
4 5.1914175509261655
4 6.6860266179581975
4 8.309594631907096
4 9.65253372293816
4 10.78656780642005
4 10.74604108567903
4 9.603946252814637
4 10.003460976794656
4 10.8084223785008
4 9.781029387954057
4 7.690559735245121
4 5.6915643818163435
4 2.6895373106161866
4 0.03292320343154742
4 -8.083478822293703
4 -19.394636851418305
4 -200
5 0.024606960133685216
5 1.3670409721852195
5 3.692129469685435
5 4.91304478363154
5 6.037556102043639
5 7.840693787265089
5 9.105271117585392
5 10.34249271566213
5 10.766635331010697
5 12.16434167839819
5 13.269689191717731
5 12.866684921797711
5 14.449608973991682
5 15.393981380044991
5 13.67852285801186
5 12.54035398233787
5 11.341761271913665
5 14.17458595047295
5 13.175689782918289
5 9.099719370406213
5 6.396441293230872
5 4.405420310798991
5 3.8289624341577735
5 3.817892851572367
5 -3.5052255973077777
5 -16.62308488398307
5 -200
6 0.13086646604128602
6 1.7680877046285717
6 3.079927930608604
6 4.296216889456953
6 5.546033415512819
6 6.917950191255613
6 8.438452932564433
6 8.983104694516097
6 10.815713364794078
6 11.017231205134664
6 11.302197809974913
6 12.357706622780963
6 13.181044401491233
6 13.014035562332467
6 14.268883608855859
6 12.947615032830438
6 9.100908549897385
6 3.292727546451511
6 -3.156255178859631
6 -5.617952021389865
6 -15.536843240414754
6 -31.413915218427206
6 -200
7 0.09983525728916119
7 1.8605958327260719
7 4.0976682079569
7 5.496697477294252
7 6.798433313940934
7 8.229932295805074
7 9.008141624170383
7 9.989758367687175
7 10.368311529231477
7 10.447578494102023
7 11.67211103481107
7 10.871656506413526
7 11.921312863478287
7 12.471252928894183
7 9.542574939971933
7 9.29599215540929
7 4.915143354824767
7 -4.476419396331501
7 -18.46541037215928
7 -27.722445495127218
7 -200
8 0.1469468567258137
8 1.4013102882946005
8 3.1488184133772092
8 5.2112596257044075
8 7.624536776007136
8 9.163684831448375
8 10.98457074172983
8 11.912368581788474
8 13.03861266846264
8 12.373210736771421
8 12.450806878453921
8 13.462064223919109
8 11.825953966304917
8 9.019370356393047
8 4.94735251933807
8 1.7633067753264395
8 -3.392108223006895
8 -14.52677837086232
8 -22.344098790240494
8 -200
9 0.09152386484402467
9 1.1367736081238904
9 2.3205305803278256
9 3.253890855489166
9 5.55561202386731
9 6.325654359618933
9 6.911012878131021
9 8.522005389769202
9 9.45382134954514
9 10.741228153554262
9 11.989817288112993
9 12.715923922211983
9 14.401262223855424
9 16.61166799715258
9 18.269694056579922
9 21.012203517717364
9 24.290784887571107
9 23.585285361206886
9 23.749439125177325
9 19.80728202780959
9 12.369639389057934
9 -0.6770149266945396
9 -8.63980765394274
9 -23.55559481682213
9 -200
10 0.18032347530521198
10 1.0757337303692023
10 2.8541445967469556
10 4.519841756661373
10 6.266626711500082
10 7.695860522349338
