0 -0.01919234677439357
0 1.6081964883560689
0 3.261351824506479
0 4.986034806082685
0 6.5891695387727225
0 8.081320719276892
0 9.929876679530574
0 11.437058387659546
0 13.19095201208357
0 14.67994468370997
0 16.263298899523466
0 17.770495452578015
0 19.289668990996642
0 20.740527382145125
0 22.019811511853423
0 23.21406774115922
0 23.921417711289724
0 26.28653252208577
0 26.59845113984762
0 28.809355934970984
0 28.695813057001356
0 26.935835490281303
0 21.94552302645486
0 17.239480949643035
0 11.4084872840467
0 4.356216677083289
0 -3.702815652832321
0 -13.477951950063279
0 -200
1 -0.01919234677439357
1 1.6081964883560689
1 3.2276581483174267
1 4.939960768144684
1 6.562362555585007
1 8.219283654698872
1 9.775482579400533
1 11.480429670859293
1 12.941261875362063
1 14.942463982238731
1 16.514366569117882
1 18.153422753784067
1 19.63612953826274
1 21.18753776371996
1 22.743176081811228
1 23.994209688714374
1 25.047776861218356
1 25.60896517810602
1 27.92030405058528
1 28.21691358697705
1 26.93580563441214
1 24.706747092264987
1 23.941148532965997
1 21.08233157803288
1 16.747215443852657
1 11.286081368197863
1 10.08873569377672
1 10.926118234216638
1 13.316181642278366
1 11.347622683064898
1 13.279123147359513
1 10.733173546738591
1 14.136588940701579
1 17.835654390482567
1 16.444984644570653
1 16.29714380392877
1 24.496392165851688
1 33.80876043736129
1 40.271646121852484
1 45.260464637586885
1 47.60337948371352
1 46.74427389564823
1 43.12818226403012
1 30.44351295652642
1 20.8839977217063
1 1.4497417397141703
1 -14.421428082409022
1 -200
2 0.0572854843825726
2 1.6126362924709687
2 3.312719453586022
2 4.896472415746538
2 6.634789038177768
2 8.293944398071188
2 9.94145217837391
2 11.563601508329132
2 13.326768006383336
2 14.939596992066466
2 16.97733069745154
2 18.670177989167314
2 20.3219488608597
2 22.79595768313558
2 24.756435332962944
2 27.83964294381374
2 30.72361590727933
2 33.0416279355123
2 36.701034810625785
2 40.85129109313229
2 43.215604653851884
2 44.431890854918095
2 40.98421304463136
2 38.77559299951966
2 35.57395326051714
2 31.528769465575554
2 31.98988345323689
2 34.16186036443716
2 31.84071089549353
2 33.873612345429066
2 32.21063502865239
2 35.582037126071135
2 35.52763519023586
2 34.60283890985517
2 37.69387285909809
2 36.94301573929261
2 42.36085973404389
2 48.4164595062085
2 47.19268626522331
2 52.74771315334929
2 59.466301217523835
2 54.68501799511273
2 39.65066567289571
2 28.934064340282035
2 8.754502040619755
2 -8.159218821248075
2 -35.112008915169355
2 -200
3 0.0572854843825726
3 1.6126362924709687
3 3.312719453586022
3 4.896472415746538
3 6.634789038177768
3 8.218430163525769
3 9.849172779610427
3 11.493830567989196
3 13.147717935614665
3 14.732180962845737
3 16.19687721480488
3 17.653060008664536
3 19.86713789841866
3 22.46531824234648
3 25.434330219256715
3 27.490275041182876
3 29.495948369778958
3 33.06413808160499
3 35.6298406620227
3 39.202319240228356
3 42.33092796840184
3 43.53162798348807
3 40.134840577082045
3 38.006020542681824
3 34.9203217643418
3 30.81732486570523
3 25.53171104043314
3 18.86138045418404
3 10.877966191231245
3 8.20628284222456
3 0.7172742606136353
3 -8.73332090384487
3 -12.760354576580056
3 -200
4 0.0572854843825726
4 1.6126362924709687
4 3.2062706941270207
4 4.8672058236238325
4 6.576898591263922
4 8.20211837213216
4 9.79815388929724
4 11.547241576199594
4 13.524941672060567
4 15.27237577360952
4 16.8959850082059
4 18.549453295563872
4 20.919999455650615
4 23.539886729957747
4 25.844353848277926
4 28.39209457217797
4 31.554874304992257
4 33.78553173381883
4 35.613561328568146
4 39.67055725426974
4 41.677769641496795
4 42.63320478581542
4 43.61906870393922
4 43.443840143475086
4 42.352116920055764
4 45.26517087021884
4 45.01963485443872
4 47.3583119035873
4 49.3631103229625
4 48.46558322375893
4 50.15880176053771
4 52.81210057314869
4 51.93374100571794
4 51.901574974798095
4 58.80045846753693
4 66.055327052293
4 71.69947921113983
4 69.94640305876376
4 74.83549007854776
4 66.63443571380847
4 62.45489431461027
4 66.47601821132429
4 65.47045428578731
4 63.41401474806481
4 60.858781509713815
4 44.460967484743605
4 18.025881829157704
4 -16.996068952120375
4 -46.96881071261612
4 -200
5 -0.01919234677439357
5 1.5774158477631437
5 3.2509584869291235
5 4.963264785438083
5 6.581428730407558
5 8.203669479983244
5 9.890089312704328
5 11.685038608420019
5 13.298880891910729
5 15.28592162018408
5 17.021321912805703
5 18.6536763080411
5 20.385111598271806
5 22.113499489042244
5 23.84312868235094
5 25.364626009591127
5 28.26126817346595
5 31.751309903381546
5 35.285468898743105
5 38.2579796719433
5 40.69667562699116
5 44.64211790418826
5 43.28807682766165
5 45.415280283650915
5 45.2850779669872
5 48.59883972218712
5 51.99594621777033
5 51.88303171791179
5 52.52711872965605
5 58.041529299634114
5 63.570956370972084
5 67.63759560756225
5 70.54492211386794
5 69.00037330214333
5 65.90112926005021
5 60.613875443619506
5 53.883321995863696
5 54.56491949027334
5 57.81715132713589
5 56.26522466384455
5 55.65388533690119
5 67.79730567062634
5 71.03328212347189
5 68.06281494495032
5 65.96718896724012
5 63.88461253036459
5 50.68494741095758
5 41.21744729414486
5 32.33672202553839
5 12.265661903312576
5 -4.593577398445461
5 -32.977990520232126
6 -0.01919234677439357
6 1.5774158477631437
6 3.2509584869291235
6 4.963264785438083
6 6.581428730407558
6 8.203669479983244
6 9.890089312704328
6 11.685038608420019
6 13.298880891910729
6 14.954604751919437
6 16.57597196157552
6 18.12539206399613
6 19.67527579247334
6 21.266303939532456
6 22.766726012544236
6 25.369351677107552
6 26.837993433818024
6 27.93871266406065
6 30.901378090915756
6 31.883327532008806
6 31.657830831414607
6 30.213533575752447
6 25.304330931131698
6 25.523325552785245
6 22.939104734557453
6 18.349708630229813
6 18.130528131730586
6 14.386244726532027
6 14.72083961515736
6 17.498967348673986
6 17.40372819565065
6 19.600814165350663
6 21.655046932201117
6 19.09486252000947
6 22.464404249108554
6 21.784666421264923
6 27.814793507954157
6 28.400951636919693
6 36.03525365206673
6 44.38720895973809
6 53.98245592998249
6 50.0687150446199
6 34.92624746576279
6 13.881661484360066
6 -3.5476298531271766
6 -30.439531225079712
6 -200
7 0.0572854843825726
7 1.6126362924709687
7 3.312719453586022
7 4.896472415746538
7 6.59312277484629
7 8.172154436117555
7 9.816708968364777
7 11.442089396575316
7 13.004799171248372
7 14.585508598688463
7 16.55413035503196
7 18.607583050224047
7 20.335667537420136
7 22.960023606205667
7 25.706646534942475
7 28.34931112037133
7 30.851831486401206
7 33.22165538245111
7 35.7343929599632
7 40.04787286273305
7 43.25028019149287
7 47.399125750010356
7 44.39630288417378
7 45.14458790683984
7 47.13771744486628
7 49.93513111844392
7 53.09605573243297
7 52.081717859353006
7 53.61804898321189
7 57.11255552604384
7 58.65302244789723
7 60.668573254837135
7 56.413044401912096
7 49.15609107456655
7 46.47816039939796
7 46.32624525535821
7 47.084035225445604
7 39.38290091361287
7 36.43928125170691
7 27.364789069131646
7 23.30654407839721
7 22.836201749612435
7 21.26387930086038
7 18.495171371503602
7 15.648050704290497
7 12.554736928119937
7 13.761316391048396
7 8.449463145433711
7 9.653015492740927
7 23.79265983740011
7 33.036236942407896
7 54.433506691145745
7 41.47501154350739
7 3.429640394034166
8 0.0572854843825726
8 1.591614592692204
8 3.2776952208789387
8 4.916460929499758
8 6.5212350154029926
8 8.185687840973271
8 9.77838475791216
8 11.541207642813509
8 13.024525912893363
8 14.691711133785926
8 16.12527292266516
8 17.54344820828283
8 19.702218947724454
8 22.272328580314436
8 24.128778375783924
8 25.75813918572083
8 28.896480865055363
8 30.769790544626616
8 31.9721246544827
8 35.3576248416973
8 36.94948005487811
8 40.865001275086215
8 39.97367484331018
8 42.533604119910464
8 43.28737809578312
8 42.02951784043622
8 39.888622578576
8 36.59437640781298
8 32.15432081192036
8 26.443877382910237
8 26.596630405717235
8 22.61630672378618
8 23.4098994880692
8 27.679595511808458
8 27.51487161403066
8 25.64071411233224
8 29.322118996113616
8 33.05458932786099
8 29.80980569027058
8 25.035553966304413
8 25.53879150230238
8 14.316816477019188
8 -4.169686347263578
8 -27.559896929118253
8 -200
9 0.0572854843825726
9 1.6126362924709687
9 3.312719453586022
9 4.875288779602734
9 6.560031144612422
9 8.309841290693162
9 9.973380543273963
9 11.64805518933948
9 13.13772052186432
9 14.87729827580827
9 16.341060435560728
9 17.91102669446334
9 19.4349049700131
9 21.77717837526983
9 23.536434934919054
9 25.141185817142496
9 28.089244021112396
9 30.001409750621324
9 31.074814446584085
9 31.504093267802904
9 34.418320147699816
9 35.273303636912026
9 31.233418502323055
9 28.120369426443578
9 23.831687617740755
9 18.715101299531504
9 12.06337430875162
9 4.154174316765406
9 -5.291093152381379
9 -9.629045239826667
9 -200
10 0.0572854843825726
10 1.6126362924709687
10 3.312719453586022
10 4.875288779602734
10 6.55549168422446
10 8.233365231798459
10 9.854395077406487
10 11.70916091075706
10 13.301332998731523
10 14.93963233026228
10 16.94506580317001
10 18.609977326007662
10 21.00983397787042
10 23.33624207958848
10 26.112478716016994
10 28.27166476724225
10 30.36469083343452
10 32.13113184729905
10 35.62120404196162
10 37.81225006890911
10 38.76331822571487
10 42.69335337082747
10 40.51255526560311
10 43.13794709357063
10 42.94283845211848
10 41.2596198619436
10 38.83073582366977
10 40.9103429867633
10 43.837800828264875
10 42.88706397926076
10 43.28040995221244
10 49.45012624826692
10 52.21948144668397
10 60.02993890939554
10 67.83377819665695
10 68.75360147029677
10 70.89613527643502
10 64.07656813555957
10 61.250642190651064
10 61.81713899844442
10 64.30224958295324
10 61.93123560071137
10 59.506813718495955
10 62.085138325893126
10 48.558131246192275
10 24.269142989419613
10 3.1460016845844407
10 -29.22778333076174
10 -200
11 0.0572854843825726
11 1.591614592692204
11 3.3037466364970416
11 4.981604247385224
11 6.658647454541765
11 8.258572720737996
11 9.945532921555742
11 11.731591246454458
11 13.541407941859747
11 15.238802650277977
11 16.84150260861344
11 19.064116802771466
11 20.894065996466246
11 23.55338584526704
11 25.72862858498786
11 28.459017539488773
11 30.751092995916007
11 34.20438073486591
11 36.751108850452724
11 41.005081931348954
11 43.85711366071004
11 44.85777763104787
11 40.043118506318734
11 39.79595141471014
11 40.73980896688179
11 42.35974130939173
11 39.661131575928806
11 34.3986596237905
11 26.963177055428773
11 23.133021888800894
11 14.441035033923328
11 8.436426652734369
11 -2.438473675996647
11 -17.76567783900721
11 -200
12 0.0572854843825726
12 1.591614592692204
12 3.3037466364970416
12 4.981604247385224
12 6.658647454541765
12 8.258572720737996
12 9.797217379174086
12 11.809384176979766
12 13.607267743470027
12 15.41004298961987
12 17.190386445695754
12 19.26493040687153
12 21.027404595391097
12 22.98078156151559
12 24.824994580712733
12 28.011556971104717
12 31.0766832733419
12 33.40145566806466
12 37.13904402690508
12 41.06119059307489
12 42.847850402005825
12 43.877231576899185
12 40.28606434806948
12 37.893286710112704
12 34.61757971939056
12 30.11971443386698
12 24.637151631530706
12 23.517125984162305
12 18.95613350204095
12 11.939535514556468
12 3.3016045278604196
12 -6.858116966689501
12 -18.352029853080708
12 -200
13 -0.01919234677439357
13 1.6081964883560689
13 3.261351824506479
13 4.986034806082685
13 6.5891695387727225
13 8.304431848946642
13 9.938983236095707
13 11.457255890274782
13 13.051887609673765
13 14.756019894365815
13 16.284817726000412
13 18.290389579532423
13 20.0255074522441
13 21.616962365916766
13 23.218624629939228
13 25.930026492312358
13 27.466822604110884
13 28.701931316485148
13 31.795108068102827
13 33.01133291645745
13 32.99236439011085
13 32.11732098137801
13 32.214650064351034
13 30.76288351109719
13 32.53929154939138
13 31.30871008661169
13 28.45005254157894
13 30.4637644259122
13 29.001162488160187
13 31.60111072194637
13 30.702800559372733
13 30.08098513079687
13 35.550301081196594
13 41.47138590680814
13 42.26224798471814
13 49.22527821155033
13 51.54957569321782
13 54.066122589053975
13 53.28130807352567
13 43.0500341142214
13 35.65469936112588
13 37.07978735955207
13 33.55112804600667
13 28.56187515860691
13 33.499654392187615
13 28.361591805429804
13 33.13746556233678
13 40.71068070032631
13 41.9913339008263
13 46.93581630168537
13 49.72569240879958
13 21.168870067223033
13 -19.955062083573218
14 -0.01919234677439357
14 1.6081964883560689
14 3.2276581483174267
14 4.939960768144684
14 6.635408844315442
14 8.24878903081015
14 9.998223142077528
14 11.685363477798525
14 13.284370804903004
14 14.99964553369634
14 16.547679785951075
14 18.129488764604748
14 19.676169678436604
14 22.140068251097578
14 23.960289666392878
14 26.863335193253626
14 28.81892576156389
14 30.46102966250028
14 33.820252281532994
14 35.4335965739892
14 39.14331836010966
14 41.981265221159084
14 42.801577425841955
14 42.948289043813446
14 44.44512683206898
14 46.644456950751
14 46.317834981016986
14 48.29765393650424
14 47.79862101505856
14 48.61597265999589
14 54.55162373737273
14 57.16138926427811
14 59.17604711843616
14 59.32268426034587
14 59.949784754781774
14 62.37187397731721
14 57.07328226381814
14 55.54561352588598
14 48.76634878359022
14 37.02192610236807
14 21.294482784984815
14 4.665930343391786
14 0.453709736064809
14 2.3215303822568956
14 -1.3966357401506997
14 1.571040864439368
14 1.3576438120944943
14 0.29235079729131996
14 -2.809508951382142
14 -5.4803827561873675
14 -4.702185399935814
14 2.5791837635586106
15 0.0572854843825726
15 1.591614592692204
15 3.2776952208789387
15 4.916460929499758
15 6.5212350154029926
15 8.185687840973271
15 9.77838475791216
15 11.541207642813509
15 13.311832782668171
15 15.318435105831513
15 17.06886286781214
15 18.63324652068842
15 20.3593884643518
15 22.96139540221678
15 24.89347523836761
15 28.013759766144002
15 30.243650443935117
15 33.748293256558874
15 35.92455658127731
15 38.32453747320514
15 41.05722331575085
15 46.48672354974912
15 47.897007212825706
15 50.85360783823979
15 50.28041391653808
15 47.526864112525026
15 43.05134507287818
15 42.33456909891349
15 42.83624530938626
15 44.431145415508276
15 46.60679772025638
15 43.23062344958811
15 43.62058559764094
15 45.953658587156
15 48.96468379468839
15 49.02682794920025
15 50.17460516433226
15 50.71215533226125
15 52.54426147993836
15 59.78544301519226
15 62.456117380872755
15 55.37829735529994
15 36.525804883874784
15 21.711908585969674
15 -2.3668034071873123
15 -33.179656164858486
15 -200
16 0.0572854843825726
16 1.6126362924709687
16 3.312719453586022
16 4.896472415746538
16 6.59312277484629
16 8.172154436117555
16 9.816708968364777
16 11.442089396575316
16 13.004799171248372
16 14.95839419414748
16 16.929301469281473
16 19.229003975664984
16 21.149167916115676
16 22.977661317825387
16 25.96280122936065
16 28.102746493591788
16 30.12042986068546
16 31.80164084440462
16 33.20406833989578
16 33.75316771979563
16 33.70294818900425
16 32.36418801618854
16 27.120293266726556
16 27.06845433242206
16 23.802057383365394
16 18.92717441747722
16 12.623846445004588
16 10.84365819526991
16 5.51619957333741
16 4.284002146048202
16 -0.8699753286619298
16 -8.005257034361975
16 -200
17 0.0572854843825726
17 1.6126362924709687
17 3.312719453586022
17 4.896472415746538
17 6.59312277484629
17 8.172154436117555
17 9.816708968364777
17 11.442089396575316
17 13.004799171248372
17 14.585508598688463
17 16.051967955036805
17 17.419268973392864
17 18.773521141528704
17 21.09228331643459
17 23.752180359768733
17 26.846661323985845
17 29.939901831088967
17 32.11949273659543
17 35.51826080580489
17 37.887352580533886
17 40.40509324760903
17 45.41835824599611
17 45.02414719199217
17 46.79150480453607
17 48.51958565110444
17 45.96152551744875
17 45.89759417506951
17 47.39200432630149
17 49.72936248385128
17 46.66161208846127
17 40.63653798298621
17 31.895177704386512
17 20.158213709654646
17 13.395194845401818
17 0.06081903517247156
17 -18.321315926938546
17 -200
18 0.0572854843825726
18 1.6126362924709687
18 3.312719453586022
18 4.875288779602734
18 6.55549168422446
18 8.233365231798459
18 9.97958946324934
18 11.563786485329212
18 13.57624410407309
18 15.213266890489644
18 16.90832211632243
18 18.46209030950313
18 20.161514711863838
18 21.944345274241144
18 24.592604870071717
18 27.833098310327046
18 30.118795736549078
18 33.447782385228756
18 36.35940089054736
18 38.93696500129607
18 41.165237447891805
18 43.729154679263246
18 46.08203137049253
18 46.639764474070105
18 46.992116126429835
18 48.66394146094061
18 51.114903209013974
18 48.96870407589417
18 49.865854520642955
18 46.37569107922685
18 39.75761911315273
18 30.444695529487785
18 18.14709926677199
18 2.597295935327253
18 -8.606598630251561
18 -17.52605358157092
18 -200
19 0.0572854843825726
19 1.6126362924709687
19 3.312719453586022
19 4.896472415746538
19 6.59312277484629
19 8.172154436117555
19 9.951793758723989
19 11.799782061844436
19 13.424019322946982
19 15.203679822751322
19 16.788209176348623
19 18.367764516824554
19 19.974920665193203
19 21.571338277311423
19 24.0914092881879
19 25.9480038017686
19 29.05743725530141
19 31.027768181162404
19 32.396391724194096
19 33.07724699699294
19 33.10221797615838
19 31.778014527404437
19 31.456210603705244
19 29.69994709043899
19 26.247872126300194
19 21.751423944782196
19 16.265910939328435
19 15.463019937276428
19 10.535878048417793
19 3.6160188823567694
19 2.840335183978624
19 -1.8273735364560437
19 -1.7906159121024103
19 -6.124949955253712
19 -200
20 -0.01919234677439357
20 1.6081964883560689
20 3.261351824506479
20 4.986034806082685
20 6.4889845285709145
20 8.352992845335915
20 9.935526046376282
20 11.60814032395661
20 13.476325051577216
20 15.460367484730536
20 17.288832493061598
20 19.146205335847206
20 21.366517976865808
20 23.615970144783287
20 25.649382870133298
20 28.915469136733698
20 31.2380660681948
20 34.58974727295569
20 38.17652314982614
20 40.64153374185155
20 44.65302144989612
20 48.21433148087559
20 47.43173717215526
20 49.889344874411925
20 50.1830357356198
20 50.913728972457875
20 49.33199486426835
20 48.565115668951435
20 49.79403163512796
20 51.43119773398635
20 48.21871135964181
20 47.35958385242704
20 49.058438933123995
20 51.678360874050725
20 54.25347387680246
20 54.44503180838571
20 56.6206668514361
20 60.06710738267972
20 61.76804103034351
20 63.89381138747111
20 61.891363374670576
20 62.53675944421427
20 49.1346548281042
20 28.270558724675766
20 1.0333265939803056
20 -33.037742646635
20 -200
21 0.0572854843825726
21 1.591614592692204
21 3.3037466364970416
21 4.8896708758273695
21 6.639989914012433
21 8.24886764717217
21 9.82873911281541
21 11.76770385691181
21 13.584259468901536
21 15.275213282876509
21 17.230132945779914
21 19.18317518381974
21 21.375659710504628
21 23.44034728317783
21 26.15909169579947
21 29.101532931779328
21 31.43247230405666
21 33.50999291294871
21 37.43072825386235
21 39.56152767375053
21 40.875304270059225
21 41.436543837452554
21 37.46382820711927
21 34.48972989420202
21 30.827821343096666
21 31.235122947291963
21 33.1605602278361
21 31.15257866742136
21 27.37656640097072
21 22.371701516244336
21 15.814341042809858
21 7.937292057406147
21 -1.3872949007916304
21 -12.361222129893193
21 -200
22 -0.01919234677439357
22 1.6081964883560689
22 3.261351824506479
22 4.986034806082685
22 6.5891695387727225
22 8.304431848946642
22 9.938983236095707
22 11.457255890274782
22 13.051887609673765
22 14.756019894365815
22 16.673837387343898
22 18.306449917194932
22 20.65230312121407
22 23.32196547060301
22 25.439470749095815
22 27.393168490593983
22 29.224885727448235
22 32.70754836090216
22 35.15440489048351
22 38.959376216488145
22 41.429191556493976
22 44.367264265123175
22 44.82757451121064
22 43.954630710113165
22 46.878823079945306
22 47.70207920884326
22 48.35763686770757
22 50.9305927337457
22 52.32748778036246
22 52.763647649372466
22 55.76671300556178
22 58.3087053785064
22 57.031312810313956
22 59.273785508819735
22 62.425229505097384
22 60.8718432989092
22 57.44568474115488
22 49.355115205208484
22 49.03342163052514
22 53.560068803918355
22 49.68555654369309
22 58.36626703110866
22 59.42965189102415
22 60.35909990417815
22 52.22138481511172
22 36.52306094304812
22 14.475650137415599
22 -4.176988709094957
22 -32.71025156097057
22 -200
23 0.0572854843825726
23 1.591614592692204
23 3.3037466364970416
23 4.981604247385224
23 6.658647454541765
23 8.184134369010346
23 9.929992662079837
23 11.61883458179426
23 13.580060441519286
23 15.496496532982297
23 17.12975278858434
23 18.898996122613713
23 20.60847446650284
23 23.17573788466607
23 25.357844922906295
23 27.25847924124856
23 30.66213355747987
23 32.8172899202064
23 34.45118795843648
23 38.19204174321378
23 41.57729438186762
23 45.36036269293722
23 43.45597515396345
23 42.196361844591
23 40.296137286395386
23 37.4488453225452
23 33.48025220287417
23 28.268073919767932
23 27.894034166191645
23 29.742810011586652
23 27.490948755031695
23 29.792963584395878
23 28.377950943656103
23 25.108752817813
23 28.34922243291004
23 28.302323100769613
23 26.10681366222113
23 26.23597248654218
23 28.378808043650373
23 26.028864797763354
23 31.642274509131866
23 27.231713124369563
23 21.752311635732013
23 7.382508091272911
23 -14.73957611415669
23 -200
24 0.0572854843825726
24 1.6126362924709687
24 3.312719453586022
24 4.896472415746538
24 6.59312277484629
24 8.172154436117555
24 9.816708968364777
24 11.442089396575316
24 13.297162475563804
24 14.900559681579503
24 16.37148688770276
24 18.000770589775335
24 19.55635853935466
24 21.894163845251402
24 23.692753317294763
24 26.516636401099344
24 28.297287285881097
24 29.68150241531749
24 30.709493664909118
24 30.81865162625033
24 30.025430150319238
24 27.91232747650607
24 22.253457920088916
24 21.767531257173655
24 18.03864968629563
24 12.508410874134256
24 5.7233422071852615
24 -2.4811564250069367
24 -11.947595771608228
24 -200
25 0.0572854843825726
25 1.6126362924709687
25 3.2062706941270207
25 4.8672058236238325
25 6.576898591263922
25 8.20211837213216
25 9.999557086739996
25 11.590590966346566
25 13.257999750250177
25 15.242899647726073
25 16.873780732314977
25 19.05054013569132
25 21.21313151111673
25 23.59833345518284
25 25.842653719994875
25 28.694138952824012
25 31.859322971967167
25 34.16569605760052
25 35.99328567438334
25 37.37645292824525
25 38.08983161090852
25 37.69615635176742
25 33.08837453941264
25 29.339115332252536
25 24.46143310218764
25 23.38156244737678
25 24.14661101952218
25 20.940557601106207
25 22.01450333216745
25 19.21024236873575
25 14.503449115020395
25 8.265395996921448
25 0.8041057300738856
25 0.0913093825040221
25 -4.506497156579556
25 -200
26 0.0572854843825726
26 1.6126362924709687
26 3.312719453586022
26 4.875288779602734
26 6.55549168422446
26 8.233365231798459
26 9.854395077406487
26 11.545384141138028
26 13.065543608388282
26 14.681710608545607
26 16.583329091433143
26 18.28897071303341
26 19.836593102399885
26 21.354756557567644
26 22.914128331577636
26 24.22977618156003
26 26.880129788132713
26 28.307797265541854
26 28.99049966389777
26 28.809296565338258
26 27.70626238755451
26 25.238999805356556
26 23.826210050157947
26 25.01969195015941
26 27.146131838220594
26 25.94891880877814
26 23.04413708298719
26 19.157791978330017
26 20.275485294491155
26 17.822443185708153
26 13.181027145920929
26 7.3599200919608165
26 0.43145407091648735
26 0.15938288266802658
26 -4.458729275432361
26 -200
27 0.0572854843825726
27 1.6126362924709687
27 3.312719453586022
27 4.896472415746538
27 6.59312277484629
27 8.157852549977386
27 9.909122534792886
27 11.762732203441399
27 13.473771058809499
27 15.080124186590526
27 16.714078618380547
27 18.884222584509075
27 20.64346970991224
27 22.386762400497542
27 25.22692840645722
27 27.250889815397052
27 29.12598036297387
27 30.609071529997856
27 33.80255876977882
27 35.15473763219539
27 35.689826385925066
27 39.0152717709959
27 36.44618773472683
27 38.91131866427208
27 38.47685640848226
27 41.322259613092754
27 40.71346672152937
27 43.80270512811623
27 46.99672271297062
27 45.251795252324996
27 47.916190541685054
27 46.6052816914201
27 51.12657165420262
27 51.77756840324606
27 58.256961499297354
27 65.15526396429608
27 66.80352806429006
27 64.53543244415042
27 58.92884624367284
27 46.684196894913015
27 37.97955626676736
27 28.10761500040877
27 27.866585498335375
27 34.11683895969704
27 29.483760105262164
27 34.04884551986948
27 34.9509957646883
27 38.75329477850041
27 55.93325815774381
27 41.764791939725136
27 15.546444315737688
27 -22.81093569944057
28 0.0572854843825726
28 1.6126362924709687
28 3.312719453586022
28 4.896472415746538
28 6.59312277484629
28 8.172154436117555
28 9.816708968364777
28 11.605856966492246
28 13.267704378946755
28 14.89306175226816
28 16.86927437621912
28 18.493746760322466
28 20.163508760487925
28 21.882287526000287
28 24.59644337050446
28 26.432664234323582
28 29.644394634572134
28 31.678398419571895
28 33.21203094455573
28 34.04742996709978
28 37.09003654633574
28 37.72810838771722
28 33.759604043591565
28 35.23043500552396
28 34.11127723958387
28 31.164844491442647
28 32.665256854261955
28 30.629759939852402
28 26.79132775987374
28 21.716064594428325
28 15.415691829178478
28 7.57112497115682
28 -1.5635113939846619
28 -4.572047820387809
28 -4.225542895714852
28 -1.5207752088833644
28 -2.9462342882371786
28 0.23702452632355175
28 3.9786590592333795
28 3.1342336553729666
28 -6.3357879667622115
28 -200
29 0.0572854843825726
29 1.6126362924709687
29 3.312719453586022
29 4.896472415746538
29 6.59312277484629
29 8.157852549977386
29 10.063971581977349
29 11.804337395391528
29 13.607230864662707
29 15.277734660733252
29 17.39173969499673
29 19.078439282983727
29 21.038762458183005
29 23.563266796741736
29 26.509219595839376
29 28.78779287344362
29 32.2060375655723
29 35.856451954685056
29 38.34684444932242
29 41.84707932718444
29 45.6844977396211
29 47.93503618546799
29 44.92792921803717
29 43.21877199195234
29 45.26337344367559
29 43.9339941770059
29 46.58287753124406
29 45.94172331998527
29 49.3582190136724
29 49.569130532769094
29 49.97980796519305
29 49.63553874589923
29 55.35767249278582
29 60.97875248373113
29 66.11195696873213
29 65.76219845980624
29 70.45184063597445
29 69.41909997720776
29 72.10081055461936
29 72.56633511294689
29 74.52332649763991
29 73.53924249117703
29 70.79049693192457
29 54.10136711607394
29 28.892470379541333
29 7.853479994237418
29 -23.136870500121525
29 -200
30 0.0572854843825726
30 1.6126362924709687
30 3.312719453586022
30 4.875288779602734
30 6.55549168422446
30 8.233365231798459
30 9.854395077406487
30 11.70916091075706
30 13.301332998731523
30 14.93963233026228
30 16.94506580317001
30 18.609977326007662
30 20.362341062973382
30 22.103747846248872
30 24.78347991207965
30 26.748283595867175
30 28.452265064143536
30 29.8662421117389
30 30.757664191048708
30 33.84056463917964
30 35.058901400171344
30 34.583823429200095
30 30.085514980495233
30 26.493910849134604
30 26.912483635935814
30 24.052501466338853
30 24.707038315203828
30 22.05701734076783
30 17.520502793021606
30 17.90754514342092
30 14.48604577300106
30 16.01298608709625
30 13.76836584892888
30 16.68855437188042
30 13.559585945479384
30 17.405277268162152
30 16.988267856870905
30 17.678414040943736
30 21.991829537109588
30 35.047399861967406
30 53.28129037584319
30 70.03380547562739
30 77.62617402227401
30 76.49184624809226
30 75.9181450873122
30 64.58732866254537
30 56.179697032337344
30 37.39264532241559
30 10.20793457456164
30 -12.93995768596318
30 -200
31 0.0572854843825726
31 1.6126362924709687
31 3.2062706941270207
31 4.8672058236238325
31 6.576898591263922
31 8.274487943629376
31 9.98336231853982
31 11.58067809571673
31 13.158268939870222
31 14.843876400330997
31 16.373662939087176
31 18.361419868911828
31 20.075547380173305
31 21.765028880381102
31 23.312027710837615
31 24.81289012315557
31 25.913749917338883
31 26.74881555474549
31 26.84964697446641
31 28.885744962328822
31 31.91772135380241
31 32.064755704351604
31 32.58939056613606
31 31.492862791072184
31 29.126117882897542
31 30.840541473151866
31 33.55840162272251
31 34.56784737351623
31 33.150039162444756
31 30.154155895328294
31 32.57294048678736
31 32.3706755067202
31 35.09888834253512
31 34.30306714707596
31 35.00527883444771
31 38.26270293940925
31 50.28942768514752
31 55.89092433771166
31 53.77053386529308
31 47.08379039675981
31 42.84090968136817
31 46.784217983498074
31 47.98555405778795
31 44.6781133005644
31 52.83053016782979
31 57.01911270680524
31 52.069919042250426
31 19.057037910075348
31 -9.670810099999088
31 -51.51932215067905
31 -200
32 -0.01919234677439357
32 1.6081964883560689
32 3.261351824506479
32 4.986034806082685
32 6.4889845285709145
32 8.352992845335915
32 9.935526046376282
32 11.60814032395661
32 13.21121380606029
32 14.956741993687219
32 16.86940760376729
32 18.555122295235808
32 20.228124445762404
32 22.709594230954927
32 24.61234801678899
32 27.720693446442823
32 30.62430459045998
32 33.866673534576776
32 36.26978362317993
32 38.57414375930627
32 42.89789567128853
32 45.661006301562125
32 45.11429079572595
32 41.9183217845111
32 41.24419151473974
32 41.92886301763739
32 43.249490328085834
32 39.60370359730732
32 39.4459648922913
32 34.45713891932519
32 26.280052998719647
32 15.39909643479941
32 9.621154020315473
32 -2.502966757502719
32 -10.572016759280928
32 -200
33 -0.01919234677439357
33 1.5774158477631437
33 3.3119596059358556
33 4.846555478028956
33 6.625225402385266
33 8.262072656122184
33 9.791339077901684
33 11.459542329600943
33 13.079436857729656
33 14.565471005676509
33 16.145383634769455
33 17.52676985886822
33 18.969606493511787
33 21.25729487606471
33 23.014029498071032
33 24.390646091500184
33 25.564642793339814
33 26.33958493431166
33 28.95579531015496
33 32.218837534858835
33 33.19733610358655
33 32.699537302403854
33 28.35730693022036
33 29.078953803977722
33 26.721753764703994
33 22.885380114845294
33 18.10797614029115
33 12.053834014760781
33 4.608984420912073
33 -4.3265054637639935
33 -14.25437013691294
33 -200
34 0.0572854843825726
34 1.591614592692204
34 3.2776952208789387
34 4.916460929499758
34 6.5212350154029926
34 8.217183708338052
34 9.884854366935299
34 11.603814528037283
34 13.123387452049418
34 14.846034170220307
34 16.41987756380741
34 18.537937777202302
34 20.95676429534076
34 22.942742413318836
34 24.760241911988047
34 27.858455001722696
34 30.03003485086198
34 31.790177352465346
34 33.31712028122195
34 36.85996202981597
34 38.290631912689626
34 38.58218625279654
34 34.56010226615998
34 31.45212080749655
34 27.57788198200003
34 22.46010940796561
34 16.030861651713693
34 8.288987102289703
34 -1.0837262453533043
34 -5.2216846415733045
34 -13.23795442773438
34 -200
35 -0.01919234677439357
35 1.6081964883560689
35 3.2276581483174267
35 4.965088113232028
35 6.4790097902233965
35 8.293974056517312
35 9.912217874403405
35 11.6795587955976
35 13.405032777384486
35 15.131083515929372
35 16.615687013948225
35 18.859724040966565
35 20.659946419752107
35 23.26265574722492
35 25.391998902098642
35 27.414954203896958
35 29.280780759557267
35 30.854134744833082
35 33.953046705064104
35 38.12451073965851
35 39.96695216440677
35 40.8039860569892
35 37.319588743520804
35 34.77998089490428
35 35.71776576015608
35 38.53423120846091
35 38.15495700664471
35 35.64674323549932
35 37.75312674728601
35 36.43320041250709
35 33.02431825028877
35 35.54804285496935
35 36.37262155695734
35 39.56226535052691
35 38.60834464850195
35 42.83385544824759
35 42.81493275805441
35 43.11338598245479
35 52.759560104994954
35 57.452943370744485
35 54.959243490194204
35 41.986869977741414
35 38.15299160729151
35 31.430776603377957
35 32.54110261097131
35 37.08298299922653
35 37.771848156982244
35 40.2555058927114
35 36.86155718323268
35 37.342476148929414
35 51.03550928115382
35 67.67586076909153
35 53.57848674267706
35 17.389345246260362
35 -28.258590237562814
36 0.0572854843825726
36 1.6126362924709687
36 3.312719453586022
36 4.896472415746538
36 6.634789038177768
36 8.293944398071188
36 9.94145217837391
36 11.563601508329132
36 13.555029643500689
36 15.239001656501108
36 16.93620617153334
36 19.190605991437035
36 21.230301034584738
36 23.246069936019857
36 25.440321825520037
36 27.930187627337915
36 29.79887331825868
36 32.67330104844588
36 35.91811477747256
36 39.783811831056425
36 44.162509078481854
36 49.02186581913127
36 48.02771499555419
36 49.66506454968742
36 52.394421524169076
36 52.14643210918354
36 55.092674592245125
36 54.90506779133808
36 57.488818051773876
36 59.77928868063424
36 58.77548651864211
36 56.653986660481564
36 53.0317706146034
36 47.92739216995099
36 41.22705862496974
36 32.957275221120256
36 31.609224743228012
36 23.12968206898931
36 11.60720405154511
36 -0.3018872154222194
36 -4.69022898933639
36 -10.543541082630085
36 -200
37 0.0572854843825726
37 1.6126362924709687
37 3.2062706941270207
37 4.8672058236238325
37 6.602068829013956
37 8.277037887678695
37 9.943015689025696
37 11.69630023868983
37 13.614685856014237
37 15.446772728925623
37 17.09969788283514
37 18.820068662614855
37 21.13577792074885
37 23.23080807660854
37 26.096836296040237
37 28.29687623984359
37 31.41323803822171
37 35.19267429271339
37 39.493661050320846
37 41.94179138177569
37 46.181335386605404
37 50.48824220517701
37 47.6036920251646
37 50.6135581078325
37 50.90135514699419
37 49.72348089623731
37 47.5766081351953
37 44.31843162650023
37 39.93007525666585
37 34.30722000429954
37 33.61544426409736
37 28.92859475889305
37 21.961224019558422
37 13.00099406900096
37 2.9412716194276953
37 -9.334044771069742
37 -200
38 0.0572854843825726
38 1.6126362924709687
38 3.2062706941270207
38 4.8672058236238325
38 6.576898591263922
38 8.20211837213216
38 9.79815388929724
38 11.513241708913785
38 13.262189032454295
38 14.98392874152306
38 16.430539371343873
38 18.044474716609578
38 19.61965045195432
38 21.11227245176898
38 22.613135473324128
38 23.839188887123587
38 26.4977581879864
38 27.696762722306033
38 28.159743648363705
38 27.87866896125144
38 26.399691142206123
38 23.68795258755924
38 22.734915346454937
38 23.912815708870944
38 26.034178587354546
38 25.274477502441904
38 22.209934390084705
38 18.31735486800445
38 19.39001832243894
38 22.779858293962683
38 21.652721702794537
38 21.845082460056872
38 24.18020927325621
38 22.30555879970902
38 21.530012563728107
38 28.282273394785335
38 35.71659849372575
38 42.12091524021952
38 45.94184314887175
38 47.365139070296216
38 39.98736514087276
38 24.95850405356895
38 3.824306897752507
38 -23.57527470894339
38 -200
39 0.0572854843825726
39 1.591614592692204
39 3.3037466364970416
39 4.8896708758273695
39 6.639989914012433
39 8.31548022779602
39 10.05091584210553
39 11.780776806074261
39 13.682203753725506
39 15.310639626306733
39 17.242555022443806
39 19.278106372125283
39 21.23283152720801
39 23.76486163602873
39 26.072458036660386
39 28.787882556632187
39 31.20130880047237
39 34.70438513127008
39 37.28252881476919
39 39.997498668922475
39 43.86084928588497
39 48.188756124694585
39 49.75332963128912
39 51.51624907739377
39 51.69572100713869
39 50.09633941579307
39 47.625496292250666
39 43.93480507668005
39 38.79173293980345
39 39.15591557094235
39 35.58017499826705
39 36.91493064250729
39 34.09046801238283
39 36.74363023290824
39 37.64730255223203
39 36.36147226628201
39 42.514642380299996
39 49.016544480108614
39 53.960466121173425
39 52.39159013622756
39 56.69679427069625
39 60.86190754681459
39 64.39776546163424
39 68.00360561600424
39 71.78877559962815
39 75.54669236637919
39 79.59768043385286
39 83.4601658288918
39 85.0726517664344
39 80.9852227130926
39 66.6011508885023
39 43.84830792234971
39 25.490742963288866
39 -3.5600736427306288
40 0.0572854843825726
40 1.6126362924709687
40 3.312719453586022
40 4.896472415746538
40 6.59312277484629
40 8.157852549977386
40 10.063971581977349
40 11.804337395391528
40 13.342859642306369
40 15.107481491569349
40 16.6482135670522
40 18.75802973780231
40 20.45937989514612
40 22.172949872203194
40 23.956322689474355
40 25.456120339621183
40 26.7856820737587
40 29.389894589971174
40 32.96806485852133
40 34.476774283961575
40 38.11214631159088
40 41.06247594575139
40 41.70610286218462
40 41.84231630809407
40 44.379845962668554
40 44.72905326633507
40 47.77975882082582
40 51.002288576281416
40 50.86211985839593
40 51.43359816233013
40 57.0426660845956
40 59.559482056434064
40 58.53024055082652
40 59.03202142283361
40 52.56751980423492
40 49.85358040743683
40 40.65807954233382
40 35.39147687512464
40 33.85565290734917
40 33.56471884475569
40 34.818277453754874
40 35.12492530222059
40 31.156491450341427
40 31.46441462722113
40 43.7877841286391
40 51.11459275456275
40 34.74192140474165
40 -3.6606805240115605
40 -49.00106223104977
40 -200
41 0.0572854843825726
41 1.591614592692204
41 3.3037466364970416
41 4.981604247385224
41 6.658647454541765
41 8.184134369010346
41 9.979650767222518
41 11.66869116208523
41 13.263344084670464
41 14.920389338928171
41 16.473670842283177
41 18.00250530867915
41 20.221252465364053
41 22.875095942262398
41 24.90595811244737
41 26.699434628102374
41 29.889214192466465
41 31.927773142289773
41 33.626902459661295
41 34.424275572740214
41 34.693323775628265
41 37.65773740888671
41 34.97039923124439
41 32.31956075186708
41 29.00555901059936
41 24.45084023914261
41 18.93428143981614
41 11.920190991777353
41 3.591899368402835
41 -6.428600447465733
41 -17.832243170369864
41 -200
